

Solución Inicial Lexicographica.
Instancia: ../Taillard/T500_20/t500_20.1.txt - Makespan: 30121 - TotalSecs: 0
1, 2, 3, 4, 5, 6, 7, 8, 9, 10, 11, 12, 13, 14, 15, 16, 17, 18, 19, 20, 21, 22, 23, 24, 25, 26, 27, 28, 29, 30, 31, 32, 33, 34, 35, 36, 37, 38, 39, 40, 41, 42, 43, 44, 45, 46, 47, 48, 49, 50, 51, 52, 53, 54, 55, 56, 57, 58, 59, 60, 61, 62, 63, 64, 65, 66, 67, 68, 69, 70, 71, 72, 73, 74, 75, 76, 77, 78, 79, 80, 81, 82, 83, 84, 85, 86, 87, 88, 89, 90, 91, 92, 93, 94, 95, 96, 97, 98, 99, 100, 101, 102, 103, 104, 105, 106, 107, 108, 109, 110, 111, 112, 113, 114, 115, 116, 117, 118, 119, 120, 121, 122, 123, 124, 125, 126, 127, 128, 129, 130, 131, 132, 133, 134, 135, 136, 137, 138, 139, 140, 141, 142, 143, 144, 145, 146, 147, 148, 149, 150, 151, 152, 153, 154, 155, 156, 157, 158, 159, 160, 161, 162, 163, 164, 165, 166, 167, 168, 169, 170, 171, 172, 173, 174, 175, 176, 177, 178, 179, 180, 181, 182, 183, 184, 185, 186, 187, 188, 189, 190, 191, 192, 193, 194, 195, 196, 197, 198, 199, 200, 201, 202, 203, 204, 205, 206, 207, 208, 209, 210, 211, 212, 213, 214, 215, 216, 217, 218, 219, 220, 221, 222, 223, 224, 225, 226, 227, 228, 229, 230, 231, 232, 233, 234, 235, 236, 237, 238, 239, 240, 241, 242, 243, 244, 245, 246, 247, 248, 249, 250, 251, 252, 253, 254, 255, 256, 257, 258, 259, 260, 261, 262, 263, 264, 265, 266, 267, 268, 269, 270, 271, 272, 273, 274, 275, 276, 277, 278, 279, 280, 281, 282, 283, 284, 285, 286, 287, 288, 289, 290, 291, 292, 293, 294, 295, 296, 297, 298, 299, 300, 301, 302, 303, 304, 305, 306, 307, 308, 309, 310, 311, 312, 313, 314, 315, 316, 317, 318, 319, 320, 321, 322, 323, 324, 325, 326, 327, 328, 329, 330, 331, 332, 333, 334, 335, 336, 337, 338, 339, 340, 341, 342, 343, 344, 345, 346, 347, 348, 349, 350, 351, 352, 353, 354, 355, 356, 357, 358, 359, 360, 361, 362, 363, 364, 365, 366, 367, 368, 369, 370, 371, 372, 373, 374, 375, 376, 377, 378, 379, 380, 381, 382, 383, 384, 385, 386, 387, 388, 389, 390, 391, 392, 393, 394, 395, 396, 397, 398, 399, 400, 401, 402, 403, 404, 405, 406, 407, 408, 409, 410, 411, 412, 413, 414, 415, 416, 417, 418, 419, 420, 421, 422, 423, 424, 425, 426, 427, 428, 429, 430, 431, 432, 433, 434, 435, 436, 437, 438, 439, 440, 441, 442, 443, 444, 445, 446, 447, 448, 449, 450, 451, 452, 453, 454, 455, 456, 457, 458, 459, 460, 461, 462, 463, 464, 465, 466, 467, 468, 469, 470, 471, 472, 473, 474, 475, 476, 477, 478, 479, 480, 481, 482, 483, 484, 485, 486, 487, 488, 489, 490, 491, 492, 493, 494, 495, 496, 497, 498, 499, 500, 


Solución Mejorada (twoOptMove & randomMove).
Instancia: ../Taillard/T500_20/t500_20.1.txt - Makespan: 27425 - TotalSecs: 12.8464
268, 1, 25, 410, 55, 2, 156, 3, 4, 358, 39, 5, 7, 251, 59, 304, 128, 8, 10, 11, 74, 21, 289, 12, 13, 78, 17, 18, 22, 341, 19, 173, 20, 472, 26, 28, 29, 9, 408, 30, 31, 369, 32, 460, 35, 27, 110, 36, 37, 334, 106, 23, 42, 44, 46, 6, 47, 48, 308, 49, 50, 51, 53, 313, 340, 56, 57, 58, 138, 60, 221, 61, 62, 63, 243, 499, 67, 68, 69, 324, 70, 72, 75, 76, 77, 79, 80, 85, 86, 260, 100, 87, 88, 89, 90, 91, 171, 94, 447, 188, 96, 97, 99, 101, 103, 104, 105, 84, 107, 108, 135, 109, 111, 112, 114, 115, 172, 116, 117, 54, 119, 120, 311, 479, 132, 121, 122, 123, 244, 16, 216, 125, 126, 127, 203, 288, 129, 436, 130, 83, 38, 133, 205, 136, 139, 141, 143, 144, 146, 124, 147, 394, 148, 14, 150, 151, 152, 153, 154, 155, 145, 157, 158, 159, 248, 160, 161, 162, 163, 164, 485, 166, 169, 325, 71, 174, 175, 176, 177, 178, 180, 264, 182, 183, 184, 186, 187, 452, 190, 191, 192, 195, 471, 390, 137, 170, 198, 199, 200, 201, 448, 202, 350, 194, 496, 204, 167, 206, 207, 208, 211, 212, 213, 214, 215, 218, 219, 220, 327, 222, 224, 82, 225, 226, 227, 366, 181, 223, 232, 233, 234, 235, 236, 237, 239, 179, 240, 241, 487, 242, 245, 231, 64, 249, 210, 92, 252, 359, 253, 45, 371, 254, 255, 256, 98, 279, 15, 257, 258, 411, 259, 238, 261, 262, 388, 278, 266, 267, 269, 270, 271, 189, 149, 272, 273, 274, 229, 275, 280, 66, 284, 317, 281, 365, 287, 290, 291, 292, 294, 295, 489, 451, 443, 296, 461, 297, 355, 298, 299, 300, 301, 303, 81, 217, 305, 439, 307, 500, 185, 309, 310, 312, 24, 285, 314, 316, 315, 277, 318, 319, 320, 321, 322, 323, 41, 40, 113, 306, 328, 330, 196, 331, 336, 337, 293, 338, 283, 498, 339, 165, 362, 342, 343, 344, 326, 354, 345, 346, 347, 348, 351, 282, 140, 352, 356, 357, 360, 361, 363, 431, 368, 370, 372, 389, 373, 486, 374, 375, 417, 131, 385, 376, 377, 378, 379, 380, 329, 381, 265, 470, 382, 197, 383, 384, 73, 393, 403, 386, 387, 65, 247, 391, 102, 392, 395, 396, 397, 398, 34, 399, 400, 401, 404, 405, 406, 407, 409, 412, 413, 414, 415, 416, 418, 419, 421, 422, 423, 424, 425, 426, 168, 427, 429, 430, 432, 434, 435, 437, 438, 276, 440, 441, 442, 286, 444, 263, 445, 446, 402, 449, 450, 494, 52, 453, 230, 454, 455, 364, 456, 457, 458, 459, 332, 209, 462, 33, 463, 464, 93, 465, 466, 467, 468, 469, 433, 473, 349, 420, 474, 475, 428, 476, 333, 477, 478, 480, 481, 482, 335, 95, 118, 483, 484, 488, 193, 134, 490, 491, 492, 302, 493, 142, 43, 367, 250, 353, 495, 497, 246, 228, 


Solución Inicial Lexicographica.
Instancia: ../Taillard/T500_20/t500_20.2.txt - Makespan: 31202 - TotalSecs: 0
1, 2, 3, 4, 5, 6, 7, 8, 9, 10, 11, 12, 13, 14, 15, 16, 17, 18, 19, 20, 21, 22, 23, 24, 25, 26, 27, 28, 29, 30, 31, 32, 33, 34, 35, 36, 37, 38, 39, 40, 41, 42, 43, 44, 45, 46, 47, 48, 49, 50, 51, 52, 53, 54, 55, 56, 57, 58, 59, 60, 61, 62, 63, 64, 65, 66, 67, 68, 69, 70, 71, 72, 73, 74, 75, 76, 77, 78, 79, 80, 81, 82, 83, 84, 85, 86, 87, 88, 89, 90, 91, 92, 93, 94, 95, 96, 97, 98, 99, 100, 101, 102, 103, 104, 105, 106, 107, 108, 109, 110, 111, 112, 113, 114, 115, 116, 117, 118, 119, 120, 121, 122, 123, 124, 125, 126, 127, 128, 129, 130, 131, 132, 133, 134, 135, 136, 137, 138, 139, 140, 141, 142, 143, 144, 145, 146, 147, 148, 149, 150, 151, 152, 153, 154, 155, 156, 157, 158, 159, 160, 161, 162, 163, 164, 165, 166, 167, 168, 169, 170, 171, 172, 173, 174, 175, 176, 177, 178, 179, 180, 181, 182, 183, 184, 185, 186, 187, 188, 189, 190, 191, 192, 193, 194, 195, 196, 197, 198, 199, 200, 201, 202, 203, 204, 205, 206, 207, 208, 209, 210, 211, 212, 213, 214, 215, 216, 217, 218, 219, 220, 221, 222, 223, 224, 225, 226, 227, 228, 229, 230, 231, 232, 233, 234, 235, 236, 237, 238, 239, 240, 241, 242, 243, 244, 245, 246, 247, 248, 249, 250, 251, 252, 253, 254, 255, 256, 257, 258, 259, 260, 261, 262, 263, 264, 265, 266, 267, 268, 269, 270, 271, 272, 273, 274, 275, 276, 277, 278, 279, 280, 281, 282, 283, 284, 285, 286, 287, 288, 289, 290, 291, 292, 293, 294, 295, 296, 297, 298, 299, 300, 301, 302, 303, 304, 305, 306, 307, 308, 309, 310, 311, 312, 313, 314, 315, 316, 317, 318, 319, 320, 321, 322, 323, 324, 325, 326, 327, 328, 329, 330, 331, 332, 333, 334, 335, 336, 337, 338, 339, 340, 341, 342, 343, 344, 345, 346, 347, 348, 349, 350, 351, 352, 353, 354, 355, 356, 357, 358, 359, 360, 361, 362, 363, 364, 365, 366, 367, 368, 369, 370, 371, 372, 373, 374, 375, 376, 377, 378, 379, 380, 381, 382, 383, 384, 385, 386, 387, 388, 389, 390, 391, 392, 393, 394, 395, 396, 397, 398, 399, 400, 401, 402, 403, 404, 405, 406, 407, 408, 409, 410, 411, 412, 413, 414, 415, 416, 417, 418, 419, 420, 421, 422, 423, 424, 425, 426, 427, 428, 429, 430, 431, 432, 433, 434, 435, 436, 437, 438, 439, 440, 441, 442, 443, 444, 445, 446, 447, 448, 449, 450, 451, 452, 453, 454, 455, 456, 457, 458, 459, 460, 461, 462, 463, 464, 465, 466, 467, 468, 469, 470, 471, 472, 473, 474, 475, 476, 477, 478, 479, 480, 481, 482, 483, 484, 485, 486, 487, 488, 489, 490, 491, 492, 493, 494, 495, 496, 497, 498, 499, 500, 


Solución Mejorada (twoOptMove & randomMove).
Instancia: ../Taillard/T500_20/t500_20.2.txt - Makespan: 27928 - TotalSecs: 13.3696
1, 2, 4, 8, 274, 10, 387, 12, 365, 335, 19, 20, 311, 120, 482, 25, 74, 29, 33, 36, 350, 37, 21, 495, 256, 39, 364, 379, 332, 356, 41, 43, 162, 45, 46, 48, 313, 49, 50, 51, 226, 53, 54, 424, 57, 58, 61, 62, 11, 65, 400, 69, 354, 130, 56, 470, 79, 112, 80, 81, 82, 169, 467, 83, 158, 84, 91, 92, 347, 94, 95, 137, 96, 488, 97, 244, 114, 98, 100, 125, 101, 102, 103, 105, 107, 70, 118, 262, 189, 113, 116, 127, 85, 129, 131, 132, 135, 138, 139, 140, 141, 278, 142, 115, 251, 147, 148, 149, 150, 151, 152, 153, 480, 154, 133, 155, 156, 302, 321, 159, 161, 163, 164, 165, 167, 168, 47, 170, 171, 196, 134, 173, 6, 93, 175, 160, 42, 177, 166, 178, 239, 174, 449, 179, 172, 355, 76, 180, 14, 182, 67, 181, 184, 188, 190, 40, 128, 191, 192, 314, 121, 122, 194, 401, 287, 195, 88, 9, 197, 421, 146, 222, 66, 199, 200, 201, 89, 224, 202, 204, 68, 352, 208, 209, 210, 212, 213, 214, 215, 417, 16, 216, 217, 218, 219, 220, 227, 497, 119, 223, 340, 228, 229, 206, 485, 34, 232, 73, 234, 235, 250, 236, 237, 230, 240, 187, 241, 490, 242, 243, 245, 176, 247, 233, 248, 249, 252, 297, 253, 292, 104, 255, 257, 468, 343, 259, 3, 254, 263, 265, 325, 7, 117, 13, 264, 418, 145, 266, 77, 267, 268, 269, 63, 270, 108, 272, 273, 275, 432, 258, 276, 301, 413, 277, 72, 64, 283, 279, 280, 281, 282, 487, 284, 344, 285, 32, 26, 17, 123, 15, 106, 286, 288, 289, 290, 99, 293, 71, 295, 136, 225, 296, 411, 298, 299, 300, 303, 306, 271, 307, 441, 426, 308, 309, 310, 23, 324, 315, 86, 316, 323, 317, 318, 55, 5, 90, 319, 320, 322, 59, 327, 328, 377, 330, 331, 333, 334, 337, 294, 442, 338, 339, 341, 342, 28, 346, 231, 348, 500, 349, 351, 380, 353, 185, 357, 358, 360, 361, 362, 186, 366, 367, 305, 368, 369, 370, 371, 372, 373, 374, 375, 30, 376, 378, 304, 44, 261, 363, 456, 381, 382, 384, 469, 52, 183, 389, 423, 390, 391, 205, 392, 394, 383, 395, 60, 397, 398, 399, 393, 385, 291, 402, 326, 403, 404, 405, 457, 124, 406, 407, 312, 246, 409, 410, 412, 414, 415, 420, 198, 422, 425, 110, 427, 35, 260, 388, 499, 428, 429, 207, 430, 24, 431, 433, 435, 476, 493, 437, 438, 336, 238, 157, 439, 444, 445, 434, 446, 448, 478, 443, 450, 359, 451, 452, 211, 453, 144, 440, 454, 455, 458, 459, 460, 126, 75, 461, 462, 463, 78, 464, 465, 466, 471, 38, 472, 473, 474, 475, 386, 345, 111, 396, 477, 447, 479, 481, 221, 483, 484, 436, 193, 419, 31, 22, 486, 143, 489, 491, 492, 494, 496, 498, 408, 329, 18, 109, 416, 27, 87, 203, 


Solución Inicial Lexicographica.
Instancia: ../Taillard/T500_20/t500_20.3.txt - Makespan: 29406 - TotalSecs: 0
1, 2, 3, 4, 5, 6, 7, 8, 9, 10, 11, 12, 13, 14, 15, 16, 17, 18, 19, 20, 21, 22, 23, 24, 25, 26, 27, 28, 29, 30, 31, 32, 33, 34, 35, 36, 37, 38, 39, 40, 41, 42, 43, 44, 45, 46, 47, 48, 49, 50, 51, 52, 53, 54, 55, 56, 57, 58, 59, 60, 61, 62, 63, 64, 65, 66, 67, 68, 69, 70, 71, 72, 73, 74, 75, 76, 77, 78, 79, 80, 81, 82, 83, 84, 85, 86, 87, 88, 89, 90, 91, 92, 93, 94, 95, 96, 97, 98, 99, 100, 101, 102, 103, 104, 105, 106, 107, 108, 109, 110, 111, 112, 113, 114, 115, 116, 117, 118, 119, 120, 121, 122, 123, 124, 125, 126, 127, 128, 129, 130, 131, 132, 133, 134, 135, 136, 137, 138, 139, 140, 141, 142, 143, 144, 145, 146, 147, 148, 149, 150, 151, 152, 153, 154, 155, 156, 157, 158, 159, 160, 161, 162, 163, 164, 165, 166, 167, 168, 169, 170, 171, 172, 173, 174, 175, 176, 177, 178, 179, 180, 181, 182, 183, 184, 185, 186, 187, 188, 189, 190, 191, 192, 193, 194, 195, 196, 197, 198, 199, 200, 201, 202, 203, 204, 205, 206, 207, 208, 209, 210, 211, 212, 213, 214, 215, 216, 217, 218, 219, 220, 221, 222, 223, 224, 225, 226, 227, 228, 229, 230, 231, 232, 233, 234, 235, 236, 237, 238, 239, 240, 241, 242, 243, 244, 245, 246, 247, 248, 249, 250, 251, 252, 253, 254, 255, 256, 257, 258, 259, 260, 261, 262, 263, 264, 265, 266, 267, 268, 269, 270, 271, 272, 273, 274, 275, 276, 277, 278, 279, 280, 281, 282, 283, 284, 285, 286, 287, 288, 289, 290, 291, 292, 293, 294, 295, 296, 297, 298, 299, 300, 301, 302, 303, 304, 305, 306, 307, 308, 309, 310, 311, 312, 313, 314, 315, 316, 317, 318, 319, 320, 321, 322, 323, 324, 325, 326, 327, 328, 329, 330, 331, 332, 333, 334, 335, 336, 337, 338, 339, 340, 341, 342, 343, 344, 345, 346, 347, 348, 349, 350, 351, 352, 353, 354, 355, 356, 357, 358, 359, 360, 361, 362, 363, 364, 365, 366, 367, 368, 369, 370, 371, 372, 373, 374, 375, 376, 377, 378, 379, 380, 381, 382, 383, 384, 385, 386, 387, 388, 389, 390, 391, 392, 393, 394, 395, 396, 397, 398, 399, 400, 401, 402, 403, 404, 405, 406, 407, 408, 409, 410, 411, 412, 413, 414, 415, 416, 417, 418, 419, 420, 421, 422, 423, 424, 425, 426, 427, 428, 429, 430, 431, 432, 433, 434, 435, 436, 437, 438, 439, 440, 441, 442, 443, 444, 445, 446, 447, 448, 449, 450, 451, 452, 453, 454, 455, 456, 457, 458, 459, 460, 461, 462, 463, 464, 465, 466, 467, 468, 469, 470, 471, 472, 473, 474, 475, 476, 477, 478, 479, 480, 481, 482, 483, 484, 485, 486, 487, 488, 489, 490, 491, 492, 493, 494, 495, 496, 497, 498, 499, 500, 


Solución Mejorada (twoOptMove & randomMove).
Instancia: ../Taillard/T500_20/t500_20.3.txt - Makespan: 26299 - TotalSecs: 12.6546
25, 1, 2, 3, 4, 306, 452, 7, 449, 173, 10, 11, 241, 154, 421, 160, 15, 325, 16, 17, 18, 408, 19, 20, 287, 349, 22, 21, 407, 24, 155, 26, 83, 28, 31, 32, 35, 36, 232, 37, 38, 39, 40, 41, 42, 43, 44, 45, 46, 47, 50, 51, 52, 80, 57, 388, 62, 58, 61, 65, 66, 151, 72, 464, 73, 76, 380, 78, 97, 181, 165, 82, 410, 328, 84, 49, 85, 86, 348, 383, 311, 87, 89, 90, 91, 93, 94, 6, 95, 96, 98, 99, 121, 235, 100, 283, 9, 103, 104, 128, 23, 444, 460, 107, 108, 205, 468, 109, 110, 391, 263, 389, 111, 411, 112, 113, 115, 117, 163, 122, 123, 124, 125, 446, 353, 208, 126, 127, 336, 130, 159, 33, 132, 168, 135, 166, 198, 138, 141, 142, 143, 288, 144, 145, 342, 147, 148, 56, 149, 150, 419, 457, 153, 139, 320, 156, 309, 202, 249, 157, 158, 162, 357, 164, 167, 63, 378, 170, 171, 172, 174, 30, 69, 131, 284, 230, 234, 178, 182, 184, 418, 179, 161, 335, 101, 187, 60, 453, 189, 190, 191, 196, 12, 118, 197, 260, 199, 200, 376, 203, 120, 146, 204, 152, 206, 207, 183, 351, 209, 74, 211, 212, 213, 214, 215, 217, 218, 402, 425, 219, 275, 220, 221, 223, 225, 226, 227, 228, 231, 233, 286, 258, 239, 240, 242, 245, 308, 246, 430, 64, 247, 248, 92, 250, 253, 254, 456, 255, 257, 259, 251, 116, 433, 262, 264, 265, 79, 119, 266, 267, 27, 268, 269, 270, 271, 272, 273, 346, 277, 279, 224, 280, 229, 54, 281, 106, 285, 289, 53, 369, 81, 291, 427, 367, 341, 292, 236, 243, 186, 290, 363, 252, 294, 295, 296, 274, 297, 75, 298, 299, 399, 300, 473, 301, 302, 303, 238, 305, 307, 304, 216, 375, 188, 222, 392, 312, 313, 29, 314, 315, 316, 329, 68, 71, 34, 317, 358, 323, 326, 327, 474, 330, 331, 333, 256, 137, 393, 339, 237, 340, 344, 345, 195, 347, 426, 382, 322, 293, 377, 350, 352, 354, 355, 356, 459, 59, 359, 194, 360, 412, 361, 424, 362, 338, 364, 334, 319, 365, 366, 321, 129, 368, 370, 371, 134, 102, 372, 373, 169, 55, 379, 381, 385, 374, 386, 384, 387, 458, 310, 136, 140, 390, 437, 395, 396, 394, 276, 398, 400, 401, 13, 403, 404, 405, 406, 409, 414, 415, 417, 420, 422, 423, 201, 210, 428, 176, 324, 431, 318, 432, 434, 244, 435, 436, 429, 337, 185, 438, 177, 343, 439, 8, 413, 14, 440, 48, 441, 463, 88, 442, 445, 447, 397, 448, 450, 451, 192, 133, 77, 454, 5, 455, 105, 461, 462, 465, 467, 466, 332, 469, 470, 278, 471, 443, 472, 475, 261, 476, 477, 478, 479, 480, 481, 482, 114, 483, 484, 485, 486, 180, 67, 487, 416, 175, 488, 489, 490, 491, 492, 282, 493, 494, 193, 70, 495, 496, 497, 498, 499, 500, 


Solución Inicial Lexicographica.
Instancia: ../Taillard/T500_20/t500_20.4.txt - Makespan: 30355 - TotalSecs: 0
1, 2, 3, 4, 5, 6, 7, 8, 9, 10, 11, 12, 13, 14, 15, 16, 17, 18, 19, 20, 21, 22, 23, 24, 25, 26, 27, 28, 29, 30, 31, 32, 33, 34, 35, 36, 37, 38, 39, 40, 41, 42, 43, 44, 45, 46, 47, 48, 49, 50, 51, 52, 53, 54, 55, 56, 57, 58, 59, 60, 61, 62, 63, 64, 65, 66, 67, 68, 69, 70, 71, 72, 73, 74, 75, 76, 77, 78, 79, 80, 81, 82, 83, 84, 85, 86, 87, 88, 89, 90, 91, 92, 93, 94, 95, 96, 97, 98, 99, 100, 101, 102, 103, 104, 105, 106, 107, 108, 109, 110, 111, 112, 113, 114, 115, 116, 117, 118, 119, 120, 121, 122, 123, 124, 125, 126, 127, 128, 129, 130, 131, 132, 133, 134, 135, 136, 137, 138, 139, 140, 141, 142, 143, 144, 145, 146, 147, 148, 149, 150, 151, 152, 153, 154, 155, 156, 157, 158, 159, 160, 161, 162, 163, 164, 165, 166, 167, 168, 169, 170, 171, 172, 173, 174, 175, 176, 177, 178, 179, 180, 181, 182, 183, 184, 185, 186, 187, 188, 189, 190, 191, 192, 193, 194, 195, 196, 197, 198, 199, 200, 201, 202, 203, 204, 205, 206, 207, 208, 209, 210, 211, 212, 213, 214, 215, 216, 217, 218, 219, 220, 221, 222, 223, 224, 225, 226, 227, 228, 229, 230, 231, 232, 233, 234, 235, 236, 237, 238, 239, 240, 241, 242, 243, 244, 245, 246, 247, 248, 249, 250, 251, 252, 253, 254, 255, 256, 257, 258, 259, 260, 261, 262, 263, 264, 265, 266, 267, 268, 269, 270, 271, 272, 273, 274, 275, 276, 277, 278, 279, 280, 281, 282, 283, 284, 285, 286, 287, 288, 289, 290, 291, 292, 293, 294, 295, 296, 297, 298, 299, 300, 301, 302, 303, 304, 305, 306, 307, 308, 309, 310, 311, 312, 313, 314, 315, 316, 317, 318, 319, 320, 321, 322, 323, 324, 325, 326, 327, 328, 329, 330, 331, 332, 333, 334, 335, 336, 337, 338, 339, 340, 341, 342, 343, 344, 345, 346, 347, 348, 349, 350, 351, 352, 353, 354, 355, 356, 357, 358, 359, 360, 361, 362, 363, 364, 365, 366, 367, 368, 369, 370, 371, 372, 373, 374, 375, 376, 377, 378, 379, 380, 381, 382, 383, 384, 385, 386, 387, 388, 389, 390, 391, 392, 393, 394, 395, 396, 397, 398, 399, 400, 401, 402, 403, 404, 405, 406, 407, 408, 409, 410, 411, 412, 413, 414, 415, 416, 417, 418, 419, 420, 421, 422, 423, 424, 425, 426, 427, 428, 429, 430, 431, 432, 433, 434, 435, 436, 437, 438, 439, 440, 441, 442, 443, 444, 445, 446, 447, 448, 449, 450, 451, 452, 453, 454, 455, 456, 457, 458, 459, 460, 461, 462, 463, 464, 465, 466, 467, 468, 469, 470, 471, 472, 473, 474, 475, 476, 477, 478, 479, 480, 481, 482, 483, 484, 485, 486, 487, 488, 489, 490, 491, 492, 493, 494, 495, 496, 497, 498, 499, 500, 


Solución Mejorada (twoOptMove & randomMove).
Instancia: ../Taillard/T500_20/t500_20.4.txt - Makespan: 27649 - TotalSecs: 12.4614
1, 32, 4, 139, 283, 356, 6, 250, 7, 181, 8, 10, 11, 165, 12, 14, 15, 26, 17, 18, 19, 20, 422, 21, 273, 22, 200, 23, 5, 24, 27, 65, 87, 28, 31, 33, 171, 34, 409, 36, 149, 38, 39, 41, 413, 43, 471, 387, 107, 44, 45, 47, 48, 50, 424, 394, 54, 55, 57, 59, 60, 61, 62, 63, 67, 69, 70, 127, 71, 72, 73, 312, 74, 75, 344, 78, 308, 77, 257, 79, 80, 81, 82, 83, 479, 264, 110, 84, 85, 86, 89, 90, 91, 96, 92, 95, 369, 100, 102, 103, 9, 104, 346, 105, 333, 136, 66, 30, 106, 49, 108, 109, 474, 157, 111, 113, 114, 116, 466, 117, 118, 119, 120, 121, 123, 124, 130, 132, 332, 227, 133, 134, 94, 496, 135, 168, 137, 202, 448, 138, 140, 141, 142, 189, 143, 146, 275, 147, 321, 148, 151, 40, 342, 153, 154, 156, 158, 442, 159, 160, 161, 162, 163, 263, 185, 336, 164, 2, 166, 76, 359, 150, 169, 170, 326, 172, 173, 212, 144, 254, 174, 175, 25, 472, 177, 180, 182, 184, 190, 191, 235, 192, 193, 210, 194, 195, 93, 197, 198, 381, 241, 201, 494, 203, 204, 205, 206, 207, 208, 396, 225, 131, 392, 211, 112, 251, 213, 215, 391, 216, 406, 218, 219, 407, 220, 221, 222, 223, 455, 98, 56, 484, 226, 183, 481, 176, 229, 64, 230, 231, 232, 276, 234, 345, 236, 217, 237, 239, 35, 115, 240, 242, 244, 245, 247, 249, 252, 188, 253, 255, 258, 259, 260, 224, 261, 265, 267, 268, 269, 431, 270, 305, 272, 214, 129, 277, 167, 278, 279, 68, 29, 280, 281, 282, 430, 97, 284, 286, 287, 289, 291, 293, 294, 295, 352, 327, 52, 296, 297, 122, 199, 299, 300, 301, 196, 302, 303, 304, 447, 453, 46, 368, 306, 285, 307, 343, 318, 310, 398, 311, 313, 315, 316, 317, 292, 319, 366, 322, 323, 325, 238, 16, 329, 330, 331, 290, 99, 334, 314, 335, 337, 357, 338, 339, 340, 347, 348, 309, 349, 243, 126, 350, 351, 353, 320, 354, 233, 408, 358, 360, 361, 363, 256, 364, 365, 355, 367, 88, 477, 370, 371, 372, 187, 373, 375, 58, 374, 37, 376, 377, 378, 379, 423, 266, 380, 382, 383, 384, 362, 385, 386, 152, 271, 390, 179, 393, 395, 397, 178, 399, 457, 461, 402, 403, 404, 405, 485, 341, 410, 411, 412, 470, 42, 414, 493, 13, 420, 415, 400, 416, 417, 418, 419, 155, 425, 426, 427, 432, 328, 421, 274, 446, 288, 433, 53, 434, 435, 436, 186, 437, 438, 439, 441, 444, 445, 145, 388, 449, 450, 451, 452, 125, 454, 456, 458, 459, 460, 429, 462, 389, 463, 401, 464, 209, 465, 128, 482, 467, 443, 468, 428, 469, 476, 473, 475, 500, 3, 324, 298, 478, 480, 483, 440, 486, 487, 488, 489, 490, 491, 101, 492, 495, 497, 248, 228, 498, 51, 246, 499, 262, 


Solución Inicial Lexicographica.
Instancia: ../Taillard/T500_20/t500_20.5.txt - Makespan: 30099 - TotalSecs: 0
1, 2, 3, 4, 5, 6, 7, 8, 9, 10, 11, 12, 13, 14, 15, 16, 17, 18, 19, 20, 21, 22, 23, 24, 25, 26, 27, 28, 29, 30, 31, 32, 33, 34, 35, 36, 37, 38, 39, 40, 41, 42, 43, 44, 45, 46, 47, 48, 49, 50, 51, 52, 53, 54, 55, 56, 57, 58, 59, 60, 61, 62, 63, 64, 65, 66, 67, 68, 69, 70, 71, 72, 73, 74, 75, 76, 77, 78, 79, 80, 81, 82, 83, 84, 85, 86, 87, 88, 89, 90, 91, 92, 93, 94, 95, 96, 97, 98, 99, 100, 101, 102, 103, 104, 105, 106, 107, 108, 109, 110, 111, 112, 113, 114, 115, 116, 117, 118, 119, 120, 121, 122, 123, 124, 125, 126, 127, 128, 129, 130, 131, 132, 133, 134, 135, 136, 137, 138, 139, 140, 141, 142, 143, 144, 145, 146, 147, 148, 149, 150, 151, 152, 153, 154, 155, 156, 157, 158, 159, 160, 161, 162, 163, 164, 165, 166, 167, 168, 169, 170, 171, 172, 173, 174, 175, 176, 177, 178, 179, 180, 181, 182, 183, 184, 185, 186, 187, 188, 189, 190, 191, 192, 193, 194, 195, 196, 197, 198, 199, 200, 201, 202, 203, 204, 205, 206, 207, 208, 209, 210, 211, 212, 213, 214, 215, 216, 217, 218, 219, 220, 221, 222, 223, 224, 225, 226, 227, 228, 229, 230, 231, 232, 233, 234, 235, 236, 237, 238, 239, 240, 241, 242, 243, 244, 245, 246, 247, 248, 249, 250, 251, 252, 253, 254, 255, 256, 257, 258, 259, 260, 261, 262, 263, 264, 265, 266, 267, 268, 269, 270, 271, 272, 273, 274, 275, 276, 277, 278, 279, 280, 281, 282, 283, 284, 285, 286, 287, 288, 289, 290, 291, 292, 293, 294, 295, 296, 297, 298, 299, 300, 301, 302, 303, 304, 305, 306, 307, 308, 309, 310, 311, 312, 313, 314, 315, 316, 317, 318, 319, 320, 321, 322, 323, 324, 325, 326, 327, 328, 329, 330, 331, 332, 333, 334, 335, 336, 337, 338, 339, 340, 341, 342, 343, 344, 345, 346, 347, 348, 349, 350, 351, 352, 353, 354, 355, 356, 357, 358, 359, 360, 361, 362, 363, 364, 365, 366, 367, 368, 369, 370, 371, 372, 373, 374, 375, 376, 377, 378, 379, 380, 381, 382, 383, 384, 385, 386, 387, 388, 389, 390, 391, 392, 393, 394, 395, 396, 397, 398, 399, 400, 401, 402, 403, 404, 405, 406, 407, 408, 409, 410, 411, 412, 413, 414, 415, 416, 417, 418, 419, 420, 421, 422, 423, 424, 425, 426, 427, 428, 429, 430, 431, 432, 433, 434, 435, 436, 437, 438, 439, 440, 441, 442, 443, 444, 445, 446, 447, 448, 449, 450, 451, 452, 453, 454, 455, 456, 457, 458, 459, 460, 461, 462, 463, 464, 465, 466, 467, 468, 469, 470, 471, 472, 473, 474, 475, 476, 477, 478, 479, 480, 481, 482, 483, 484, 485, 486, 487, 488, 489, 490, 491, 492, 493, 494, 495, 496, 497, 498, 499, 500, 


Solución Mejorada (twoOptMove & randomMove).
Instancia: ../Taillard/T500_20/t500_20.5.txt - Makespan: 27530 - TotalSecs: 12.4974
1, 2, 143, 3, 299, 5, 433, 327, 7, 8, 464, 9, 362, 10, 12, 13, 14, 17, 18, 19, 440, 20, 22, 298, 23, 25, 286, 255, 30, 90, 359, 251, 31, 32, 421, 66, 448, 33, 480, 471, 246, 34, 35, 36, 37, 38, 39, 402, 410, 384, 41, 42, 43, 409, 44, 311, 79, 406, 45, 465, 46, 229, 47, 49, 68, 191, 443, 51, 56, 57, 58, 144, 59, 100, 176, 53, 61, 271, 162, 62, 314, 63, 212, 274, 64, 65, 305, 67, 148, 70, 124, 71, 52, 74, 78, 426, 80, 374, 84, 449, 206, 87, 226, 88, 153, 97, 89, 91, 133, 92, 93, 163, 94, 95, 98, 170, 99, 263, 102, 240, 103, 6, 499, 105, 475, 106, 107, 109, 111, 112, 75, 24, 113, 50, 114, 115, 116, 117, 118, 119, 208, 120, 121, 223, 171, 123, 491, 125, 126, 127, 128, 129, 130, 131, 132, 135, 136, 137, 138, 139, 140, 403, 350, 146, 149, 150, 157, 145, 151, 235, 154, 155, 156, 159, 161, 164, 165, 166, 167, 168, 169, 360, 389, 172, 173, 174, 175, 81, 180, 227, 287, 184, 181, 27, 182, 183, 467, 185, 16, 203, 186, 187, 188, 160, 189, 204, 141, 386, 236, 220, 142, 29, 198, 192, 194, 326, 195, 197, 456, 202, 458, 367, 205, 209, 147, 210, 479, 211, 213, 214, 216, 217, 425, 218, 219, 199, 221, 222, 224, 228, 230, 231, 257, 232, 233, 152, 237, 207, 110, 238, 239, 241, 242, 309, 243, 54, 315, 244, 225, 382, 483, 245, 247, 248, 83, 249, 250, 253, 254, 282, 179, 256, 258, 72, 259, 260, 261, 392, 262, 266, 267, 268, 269, 48, 200, 272, 275, 371, 178, 276, 476, 278, 280, 158, 281, 73, 264, 77, 85, 318, 283, 69, 285, 288, 289, 290, 291, 201, 273, 292, 413, 293, 295, 296, 297, 482, 301, 302, 28, 303, 495, 306, 352, 307, 308, 310, 363, 419, 312, 300, 313, 316, 317, 319, 414, 427, 26, 320, 321, 322, 323, 324, 454, 96, 385, 325, 328, 82, 330, 331, 332, 333, 334, 196, 335, 336, 337, 338, 339, 340, 353, 294, 101, 342, 343, 190, 344, 76, 346, 487, 347, 348, 349, 345, 351, 354, 355, 356, 357, 383, 358, 11, 361, 55, 364, 365, 366, 368, 370, 372, 373, 277, 375, 376, 265, 377, 468, 378, 379, 380, 381, 401, 500, 15, 387, 388, 234, 390, 108, 40, 393, 395, 397, 398, 399, 391, 400, 481, 396, 404, 369, 405, 329, 394, 270, 408, 411, 412, 415, 417, 418, 422, 423, 424, 429, 430, 428, 431, 86, 432, 420, 4, 434, 435, 436, 416, 437, 438, 439, 446, 407, 459, 441, 442, 444, 445, 447, 104, 450, 21, 451, 452, 453, 455, 177, 457, 484, 460, 461, 462, 463, 466, 469, 470, 472, 474, 477, 478, 60, 215, 279, 485, 486, 473, 488, 489, 490, 252, 492, 493, 304, 494, 496, 497, 122, 134, 284, 193, 498, 341, 


Solución Inicial Lexicographica.
Instancia: ../Taillard/T500_20/t500_20.6.txt - Makespan: 30946 - TotalSecs: 0
1, 2, 3, 4, 5, 6, 7, 8, 9, 10, 11, 12, 13, 14, 15, 16, 17, 18, 19, 20, 21, 22, 23, 24, 25, 26, 27, 28, 29, 30, 31, 32, 33, 34, 35, 36, 37, 38, 39, 40, 41, 42, 43, 44, 45, 46, 47, 48, 49, 50, 51, 52, 53, 54, 55, 56, 57, 58, 59, 60, 61, 62, 63, 64, 65, 66, 67, 68, 69, 70, 71, 72, 73, 74, 75, 76, 77, 78, 79, 80, 81, 82, 83, 84, 85, 86, 87, 88, 89, 90, 91, 92, 93, 94, 95, 96, 97, 98, 99, 100, 101, 102, 103, 104, 105, 106, 107, 108, 109, 110, 111, 112, 113, 114, 115, 116, 117, 118, 119, 120, 121, 122, 123, 124, 125, 126, 127, 128, 129, 130, 131, 132, 133, 134, 135, 136, 137, 138, 139, 140, 141, 142, 143, 144, 145, 146, 147, 148, 149, 150, 151, 152, 153, 154, 155, 156, 157, 158, 159, 160, 161, 162, 163, 164, 165, 166, 167, 168, 169, 170, 171, 172, 173, 174, 175, 176, 177, 178, 179, 180, 181, 182, 183, 184, 185, 186, 187, 188, 189, 190, 191, 192, 193, 194, 195, 196, 197, 198, 199, 200, 201, 202, 203, 204, 205, 206, 207, 208, 209, 210, 211, 212, 213, 214, 215, 216, 217, 218, 219, 220, 221, 222, 223, 224, 225, 226, 227, 228, 229, 230, 231, 232, 233, 234, 235, 236, 237, 238, 239, 240, 241, 242, 243, 244, 245, 246, 247, 248, 249, 250, 251, 252, 253, 254, 255, 256, 257, 258, 259, 260, 261, 262, 263, 264, 265, 266, 267, 268, 269, 270, 271, 272, 273, 274, 275, 276, 277, 278, 279, 280, 281, 282, 283, 284, 285, 286, 287, 288, 289, 290, 291, 292, 293, 294, 295, 296, 297, 298, 299, 300, 301, 302, 303, 304, 305, 306, 307, 308, 309, 310, 311, 312, 313, 314, 315, 316, 317, 318, 319, 320, 321, 322, 323, 324, 325, 326, 327, 328, 329, 330, 331, 332, 333, 334, 335, 336, 337, 338, 339, 340, 341, 342, 343, 344, 345, 346, 347, 348, 349, 350, 351, 352, 353, 354, 355, 356, 357, 358, 359, 360, 361, 362, 363, 364, 365, 366, 367, 368, 369, 370, 371, 372, 373, 374, 375, 376, 377, 378, 379, 380, 381, 382, 383, 384, 385, 386, 387, 388, 389, 390, 391, 392, 393, 394, 395, 396, 397, 398, 399, 400, 401, 402, 403, 404, 405, 406, 407, 408, 409, 410, 411, 412, 413, 414, 415, 416, 417, 418, 419, 420, 421, 422, 423, 424, 425, 426, 427, 428, 429, 430, 431, 432, 433, 434, 435, 436, 437, 438, 439, 440, 441, 442, 443, 444, 445, 446, 447, 448, 449, 450, 451, 452, 453, 454, 455, 456, 457, 458, 459, 460, 461, 462, 463, 464, 465, 466, 467, 468, 469, 470, 471, 472, 473, 474, 475, 476, 477, 478, 479, 480, 481, 482, 483, 484, 485, 486, 487, 488, 489, 490, 491, 492, 493, 494, 495, 496, 497, 498, 499, 500, 


Solución Mejorada (twoOptMove & randomMove).
Instancia: ../Taillard/T500_20/t500_20.6.txt - Makespan: 27730 - TotalSecs: 12.4339
1, 432, 169, 3, 4, 7, 8, 9, 130, 10, 11, 37, 13, 14, 411, 312, 17, 258, 20, 21, 23, 24, 2, 408, 25, 156, 334, 26, 309, 12, 121, 35, 470, 29, 198, 386, 30, 31, 27, 32, 33, 36, 300, 369, 34, 38, 39, 40, 41, 44, 19, 45, 46, 47, 473, 53, 362, 448, 50, 84, 51, 482, 52, 241, 131, 140, 500, 325, 55, 119, 220, 57, 400, 59, 65, 80, 69, 187, 75, 263, 49, 58, 77, 18, 78, 79, 81, 83, 86, 193, 87, 88, 222, 89, 90, 107, 74, 91, 93, 94, 95, 97, 475, 99, 486, 102, 103, 104, 235, 105, 278, 376, 106, 199, 108, 109, 472, 224, 110, 63, 227, 335, 112, 210, 113, 114, 15, 176, 42, 115, 301, 320, 122, 125, 305, 61, 126, 127, 415, 128, 138, 96, 66, 417, 361, 381, 164, 477, 239, 135, 137, 147, 139, 141, 423, 142, 288, 143, 292, 144, 145, 146, 329, 148, 153, 249, 154, 155, 157, 499, 158, 159, 178, 161, 346, 162, 163, 100, 165, 166, 168, 170, 180, 171, 172, 173, 174, 498, 118, 175, 177, 259, 377, 374, 364, 179, 181, 270, 182, 184, 185, 457, 244, 189, 190, 191, 67, 194, 195, 197, 429, 200, 378, 201, 202, 203, 204, 149, 207, 240, 209, 211, 213, 214, 216, 489, 217, 212, 218, 186, 442, 73, 225, 228, 229, 230, 296, 231, 251, 232, 233, 451, 160, 234, 236, 237, 242, 243, 479, 390, 245, 248, 250, 252, 253, 151, 368, 256, 257, 490, 260, 395, 261, 129, 43, 265, 266, 85, 342, 54, 267, 268, 269, 272, 273, 274, 276, 238, 351, 308, 340, 277, 279, 280, 281, 16, 283, 316, 72, 262, 287, 134, 116, 289, 221, 337, 70, 291, 293, 294, 295, 302, 418, 303, 133, 304, 306, 117, 307, 136, 311, 314, 315, 345, 71, 318, 319, 321, 322, 323, 446, 324, 326, 132, 327, 183, 92, 328, 82, 208, 330, 331, 285, 332, 310, 123, 422, 336, 488, 338, 339, 215, 341, 343, 344, 76, 388, 365, 347, 68, 348, 349, 350, 352, 353, 60, 354, 317, 28, 355, 356, 465, 357, 358, 359, 360, 363, 264, 366, 370, 371, 372, 373, 375, 205, 421, 402, 290, 62, 188, 379, 380, 382, 64, 383, 384, 385, 387, 111, 424, 150, 389, 391, 333, 271, 392, 393, 394, 396, 120, 152, 397, 367, 398, 399, 401, 403, 407, 427, 286, 404, 6, 405, 406, 409, 410, 412, 299, 413, 414, 313, 495, 226, 416, 419, 246, 425, 98, 426, 206, 428, 430, 431, 434, 435, 5, 255, 436, 420, 437, 438, 282, 439, 440, 494, 441, 443, 444, 48, 445, 223, 284, 297, 447, 449, 450, 452, 453, 254, 454, 455, 456, 458, 471, 459, 460, 461, 462, 463, 464, 466, 467, 468, 469, 474, 56, 478, 476, 275, 167, 480, 481, 483, 484, 485, 487, 492, 124, 493, 247, 491, 496, 298, 196, 192, 497, 22, 219, 433, 101, 


Solución Inicial Lexicographica.
Instancia: ../Taillard/T500_20/t500_20.7.txt - Makespan: 30792 - TotalSecs: 0
1, 2, 3, 4, 5, 6, 7, 8, 9, 10, 11, 12, 13, 14, 15, 16, 17, 18, 19, 20, 21, 22, 23, 24, 25, 26, 27, 28, 29, 30, 31, 32, 33, 34, 35, 36, 37, 38, 39, 40, 41, 42, 43, 44, 45, 46, 47, 48, 49, 50, 51, 52, 53, 54, 55, 56, 57, 58, 59, 60, 61, 62, 63, 64, 65, 66, 67, 68, 69, 70, 71, 72, 73, 74, 75, 76, 77, 78, 79, 80, 81, 82, 83, 84, 85, 86, 87, 88, 89, 90, 91, 92, 93, 94, 95, 96, 97, 98, 99, 100, 101, 102, 103, 104, 105, 106, 107, 108, 109, 110, 111, 112, 113, 114, 115, 116, 117, 118, 119, 120, 121, 122, 123, 124, 125, 126, 127, 128, 129, 130, 131, 132, 133, 134, 135, 136, 137, 138, 139, 140, 141, 142, 143, 144, 145, 146, 147, 148, 149, 150, 151, 152, 153, 154, 155, 156, 157, 158, 159, 160, 161, 162, 163, 164, 165, 166, 167, 168, 169, 170, 171, 172, 173, 174, 175, 176, 177, 178, 179, 180, 181, 182, 183, 184, 185, 186, 187, 188, 189, 190, 191, 192, 193, 194, 195, 196, 197, 198, 199, 200, 201, 202, 203, 204, 205, 206, 207, 208, 209, 210, 211, 212, 213, 214, 215, 216, 217, 218, 219, 220, 221, 222, 223, 224, 225, 226, 227, 228, 229, 230, 231, 232, 233, 234, 235, 236, 237, 238, 239, 240, 241, 242, 243, 244, 245, 246, 247, 248, 249, 250, 251, 252, 253, 254, 255, 256, 257, 258, 259, 260, 261, 262, 263, 264, 265, 266, 267, 268, 269, 270, 271, 272, 273, 274, 275, 276, 277, 278, 279, 280, 281, 282, 283, 284, 285, 286, 287, 288, 289, 290, 291, 292, 293, 294, 295, 296, 297, 298, 299, 300, 301, 302, 303, 304, 305, 306, 307, 308, 309, 310, 311, 312, 313, 314, 315, 316, 317, 318, 319, 320, 321, 322, 323, 324, 325, 326, 327, 328, 329, 330, 331, 332, 333, 334, 335, 336, 337, 338, 339, 340, 341, 342, 343, 344, 345, 346, 347, 348, 349, 350, 351, 352, 353, 354, 355, 356, 357, 358, 359, 360, 361, 362, 363, 364, 365, 366, 367, 368, 369, 370, 371, 372, 373, 374, 375, 376, 377, 378, 379, 380, 381, 382, 383, 384, 385, 386, 387, 388, 389, 390, 391, 392, 393, 394, 395, 396, 397, 398, 399, 400, 401, 402, 403, 404, 405, 406, 407, 408, 409, 410, 411, 412, 413, 414, 415, 416, 417, 418, 419, 420, 421, 422, 423, 424, 425, 426, 427, 428, 429, 430, 431, 432, 433, 434, 435, 436, 437, 438, 439, 440, 441, 442, 443, 444, 445, 446, 447, 448, 449, 450, 451, 452, 453, 454, 455, 456, 457, 458, 459, 460, 461, 462, 463, 464, 465, 466, 467, 468, 469, 470, 471, 472, 473, 474, 475, 476, 477, 478, 479, 480, 481, 482, 483, 484, 485, 486, 487, 488, 489, 490, 491, 492, 493, 494, 495, 496, 497, 498, 499, 500, 


Solución Mejorada (twoOptMove & randomMove).
Instancia: ../Taillard/T500_20/t500_20.7.txt - Makespan: 27474 - TotalSecs: 12.5828
1, 326, 182, 3, 256, 4, 103, 6, 19, 148, 7, 83, 472, 82, 26, 9, 11, 85, 391, 278, 12, 13, 15, 16, 17, 133, 20, 22, 37, 24, 25, 327, 27, 29, 30, 31, 299, 482, 34, 420, 356, 464, 197, 425, 38, 39, 40, 42, 43, 44, 169, 46, 281, 48, 49, 50, 52, 454, 54, 55, 56, 59, 124, 62, 63, 64, 66, 68, 69, 70, 14, 71, 72, 74, 75, 76, 77, 184, 32, 78, 79, 106, 81, 86, 87, 90, 153, 91, 94, 95, 113, 130, 172, 365, 97, 98, 428, 99, 487, 253, 384, 100, 102, 158, 105, 51, 109, 220, 110, 112, 440, 88, 35, 111, 80, 114, 320, 193, 115, 229, 60, 116, 240, 448, 117, 118, 296, 119, 123, 125, 127, 129, 398, 461, 132, 120, 136, 5, 138, 139, 147, 141, 144, 460, 495, 145, 146, 157, 149, 150, 151, 152, 388, 177, 154, 36, 226, 131, 159, 18, 160, 155, 161, 162, 163, 175, 455, 491, 23, 270, 164, 165, 166, 167, 218, 57, 170, 171, 173, 337, 92, 279, 176, 386, 463, 210, 497, 492, 178, 180, 104, 351, 369, 181, 183, 185, 186, 187, 378, 189, 190, 108, 188, 421, 192, 231, 196, 198, 200, 499, 251, 10, 201, 203, 204, 205, 206, 207, 208, 209, 89, 211, 212, 215, 216, 217, 219, 224, 227, 228, 230, 232, 235, 446, 237, 238, 84, 241, 45, 242, 243, 245, 458, 344, 247, 248, 249, 367, 250, 252, 194, 431, 255, 260, 445, 225, 221, 261, 262, 263, 323, 264, 265, 266, 267, 268, 269, 271, 272, 273, 442, 462, 239, 276, 280, 47, 282, 283, 73, 389, 202, 316, 286, 287, 288, 290, 434, 275, 292, 293, 318, 295, 298, 301, 303, 304, 305, 134, 419, 140, 309, 310, 257, 311, 312, 313, 126, 291, 314, 315, 317, 319, 321, 324, 328, 329, 330, 331, 332, 335, 322, 143, 340, 336, 493, 349, 277, 341, 339, 306, 342, 343, 346, 333, 392, 347, 350, 33, 21, 352, 353, 348, 354, 107, 284, 338, 357, 179, 358, 360, 361, 413, 380, 362, 364, 297, 366, 368, 370, 101, 137, 371, 334, 372, 373, 174, 374, 375, 289, 376, 377, 379, 383, 385, 387, 390, 393, 395, 417, 325, 142, 396, 397, 381, 399, 401, 122, 402, 403, 405, 407, 285, 409, 410, 411, 222, 412, 67, 254, 414, 246, 415, 416, 213, 418, 451, 422, 359, 423, 424, 426, 345, 427, 430, 406, 259, 432, 433, 466, 294, 436, 438, 439, 404, 400, 441, 443, 408, 93, 65, 156, 444, 429, 447, 258, 223, 435, 394, 450, 449, 452, 453, 135, 214, 456, 457, 459, 199, 236, 465, 494, 437, 41, 233, 467, 468, 307, 53, 96, 469, 470, 382, 8, 471, 473, 474, 475, 302, 476, 477, 300, 478, 479, 355, 128, 191, 481, 483, 484, 363, 28, 485, 486, 121, 489, 480, 488, 490, 274, 234, 195, 244, 2, 496, 498, 58, 500, 61, 168, 308, 


Solución Inicial Lexicographica.
Instancia: ../Taillard/T500_20/t500_20.8.txt - Makespan: 31034 - TotalSecs: 0
1, 2, 3, 4, 5, 6, 7, 8, 9, 10, 11, 12, 13, 14, 15, 16, 17, 18, 19, 20, 21, 22, 23, 24, 25, 26, 27, 28, 29, 30, 31, 32, 33, 34, 35, 36, 37, 38, 39, 40, 41, 42, 43, 44, 45, 46, 47, 48, 49, 50, 51, 52, 53, 54, 55, 56, 57, 58, 59, 60, 61, 62, 63, 64, 65, 66, 67, 68, 69, 70, 71, 72, 73, 74, 75, 76, 77, 78, 79, 80, 81, 82, 83, 84, 85, 86, 87, 88, 89, 90, 91, 92, 93, 94, 95, 96, 97, 98, 99, 100, 101, 102, 103, 104, 105, 106, 107, 108, 109, 110, 111, 112, 113, 114, 115, 116, 117, 118, 119, 120, 121, 122, 123, 124, 125, 126, 127, 128, 129, 130, 131, 132, 133, 134, 135, 136, 137, 138, 139, 140, 141, 142, 143, 144, 145, 146, 147, 148, 149, 150, 151, 152, 153, 154, 155, 156, 157, 158, 159, 160, 161, 162, 163, 164, 165, 166, 167, 168, 169, 170, 171, 172, 173, 174, 175, 176, 177, 178, 179, 180, 181, 182, 183, 184, 185, 186, 187, 188, 189, 190, 191, 192, 193, 194, 195, 196, 197, 198, 199, 200, 201, 202, 203, 204, 205, 206, 207, 208, 209, 210, 211, 212, 213, 214, 215, 216, 217, 218, 219, 220, 221, 222, 223, 224, 225, 226, 227, 228, 229, 230, 231, 232, 233, 234, 235, 236, 237, 238, 239, 240, 241, 242, 243, 244, 245, 246, 247, 248, 249, 250, 251, 252, 253, 254, 255, 256, 257, 258, 259, 260, 261, 262, 263, 264, 265, 266, 267, 268, 269, 270, 271, 272, 273, 274, 275, 276, 277, 278, 279, 280, 281, 282, 283, 284, 285, 286, 287, 288, 289, 290, 291, 292, 293, 294, 295, 296, 297, 298, 299, 300, 301, 302, 303, 304, 305, 306, 307, 308, 309, 310, 311, 312, 313, 314, 315, 316, 317, 318, 319, 320, 321, 322, 323, 324, 325, 326, 327, 328, 329, 330, 331, 332, 333, 334, 335, 336, 337, 338, 339, 340, 341, 342, 343, 344, 345, 346, 347, 348, 349, 350, 351, 352, 353, 354, 355, 356, 357, 358, 359, 360, 361, 362, 363, 364, 365, 366, 367, 368, 369, 370, 371, 372, 373, 374, 375, 376, 377, 378, 379, 380, 381, 382, 383, 384, 385, 386, 387, 388, 389, 390, 391, 392, 393, 394, 395, 396, 397, 398, 399, 400, 401, 402, 403, 404, 405, 406, 407, 408, 409, 410, 411, 412, 413, 414, 415, 416, 417, 418, 419, 420, 421, 422, 423, 424, 425, 426, 427, 428, 429, 430, 431, 432, 433, 434, 435, 436, 437, 438, 439, 440, 441, 442, 443, 444, 445, 446, 447, 448, 449, 450, 451, 452, 453, 454, 455, 456, 457, 458, 459, 460, 461, 462, 463, 464, 465, 466, 467, 468, 469, 470, 471, 472, 473, 474, 475, 476, 477, 478, 479, 480, 481, 482, 483, 484, 485, 486, 487, 488, 489, 490, 491, 492, 493, 494, 495, 496, 497, 498, 499, 500, 


Solución Mejorada (twoOptMove & randomMove).
Instancia: ../Taillard/T500_20/t500_20.8.txt - Makespan: 27807 - TotalSecs: 12.9563
1, 2, 191, 5, 6, 472, 7, 212, 385, 441, 10, 322, 13, 418, 297, 480, 288, 370, 314, 334, 20, 22, 317, 23, 24, 211, 27, 28, 29, 32, 372, 265, 35, 42, 37, 39, 40, 280, 484, 43, 292, 339, 45, 160, 46, 47, 49, 226, 50, 51, 52, 53, 54, 403, 56, 57, 58, 60, 61, 375, 340, 224, 64, 66, 279, 67, 68, 259, 70, 34, 71, 72, 73, 74, 295, 75, 76, 436, 80, 82, 83, 85, 424, 86, 87, 88, 222, 181, 457, 117, 92, 93, 182, 30, 96, 98, 99, 100, 101, 173, 103, 26, 84, 107, 494, 109, 95, 110, 111, 112, 147, 113, 462, 378, 114, 258, 118, 119, 177, 451, 122, 123, 124, 125, 59, 395, 465, 130, 62, 440, 131, 461, 488, 132, 15, 135, 136, 138, 139, 140, 326, 145, 148, 149, 129, 199, 493, 447, 150, 401, 151, 152, 153, 154, 155, 156, 158, 159, 341, 166, 137, 33, 170, 200, 172, 174, 14, 176, 500, 126, 178, 244, 179, 307, 180, 183, 429, 184, 485, 162, 499, 185, 186, 187, 443, 312, 276, 190, 192, 193, 194, 195, 157, 327, 196, 55, 44, 197, 198, 201, 202, 203, 261, 128, 449, 204, 205, 207, 209, 210, 274, 381, 18, 213, 215, 216, 189, 217, 218, 220, 221, 479, 223, 225, 227, 228, 169, 319, 229, 347, 284, 287, 230, 232, 164, 305, 234, 19, 283, 105, 146, 236, 237, 467, 4, 238, 239, 17, 242, 246, 25, 248, 249, 144, 252, 253, 406, 254, 266, 245, 255, 256, 12, 257, 273, 481, 260, 323, 78, 264, 142, 335, 453, 267, 269, 108, 16, 275, 277, 278, 281, 102, 282, 285, 81, 270, 286, 289, 94, 241, 290, 263, 294, 296, 298, 299, 300, 301, 302, 90, 303, 304, 306, 308, 402, 89, 309, 310, 311, 313, 69, 247, 315, 420, 316, 104, 318, 325, 65, 328, 329, 450, 491, 426, 240, 349, 167, 331, 332, 333, 336, 337, 338, 497, 417, 251, 79, 342, 437, 343, 408, 344, 31, 345, 346, 291, 348, 350, 351, 9, 171, 459, 355, 357, 359, 360, 376, 361, 362, 364, 365, 366, 38, 368, 369, 371, 3, 374, 377, 97, 458, 379, 231, 21, 380, 383, 384, 352, 382, 63, 386, 387, 498, 48, 358, 293, 268, 389, 143, 391, 392, 404, 134, 219, 394, 396, 397, 398, 321, 399, 388, 233, 141, 243, 353, 400, 208, 405, 416, 121, 407, 214, 409, 120, 175, 487, 163, 410, 411, 412, 413, 414, 168, 415, 91, 235, 271, 419, 421, 423, 11, 427, 428, 438, 431, 432, 433, 434, 435, 425, 320, 439, 367, 422, 442, 444, 445, 36, 446, 448, 272, 206, 116, 452, 115, 373, 454, 455, 188, 460, 133, 463, 464, 466, 468, 469, 470, 356, 471, 473, 490, 474, 475, 476, 478, 250, 482, 483, 477, 354, 486, 489, 456, 363, 106, 262, 165, 492, 161, 393, 8, 430, 495, 77, 390, 496, 330, 41, 127, 324, 


Solución Inicial Lexicographica.
Instancia: ../Taillard/T500_20/t500_20.9.txt - Makespan: 30634 - TotalSecs: 0
1, 2, 3, 4, 5, 6, 7, 8, 9, 10, 11, 12, 13, 14, 15, 16, 17, 18, 19, 20, 21, 22, 23, 24, 25, 26, 27, 28, 29, 30, 31, 32, 33, 34, 35, 36, 37, 38, 39, 40, 41, 42, 43, 44, 45, 46, 47, 48, 49, 50, 51, 52, 53, 54, 55, 56, 57, 58, 59, 60, 61, 62, 63, 64, 65, 66, 67, 68, 69, 70, 71, 72, 73, 74, 75, 76, 77, 78, 79, 80, 81, 82, 83, 84, 85, 86, 87, 88, 89, 90, 91, 92, 93, 94, 95, 96, 97, 98, 99, 100, 101, 102, 103, 104, 105, 106, 107, 108, 109, 110, 111, 112, 113, 114, 115, 116, 117, 118, 119, 120, 121, 122, 123, 124, 125, 126, 127, 128, 129, 130, 131, 132, 133, 134, 135, 136, 137, 138, 139, 140, 141, 142, 143, 144, 145, 146, 147, 148, 149, 150, 151, 152, 153, 154, 155, 156, 157, 158, 159, 160, 161, 162, 163, 164, 165, 166, 167, 168, 169, 170, 171, 172, 173, 174, 175, 176, 177, 178, 179, 180, 181, 182, 183, 184, 185, 186, 187, 188, 189, 190, 191, 192, 193, 194, 195, 196, 197, 198, 199, 200, 201, 202, 203, 204, 205, 206, 207, 208, 209, 210, 211, 212, 213, 214, 215, 216, 217, 218, 219, 220, 221, 222, 223, 224, 225, 226, 227, 228, 229, 230, 231, 232, 233, 234, 235, 236, 237, 238, 239, 240, 241, 242, 243, 244, 245, 246, 247, 248, 249, 250, 251, 252, 253, 254, 255, 256, 257, 258, 259, 260, 261, 262, 263, 264, 265, 266, 267, 268, 269, 270, 271, 272, 273, 274, 275, 276, 277, 278, 279, 280, 281, 282, 283, 284, 285, 286, 287, 288, 289, 290, 291, 292, 293, 294, 295, 296, 297, 298, 299, 300, 301, 302, 303, 304, 305, 306, 307, 308, 309, 310, 311, 312, 313, 314, 315, 316, 317, 318, 319, 320, 321, 322, 323, 324, 325, 326, 327, 328, 329, 330, 331, 332, 333, 334, 335, 336, 337, 338, 339, 340, 341, 342, 343, 344, 345, 346, 347, 348, 349, 350, 351, 352, 353, 354, 355, 356, 357, 358, 359, 360, 361, 362, 363, 364, 365, 366, 367, 368, 369, 370, 371, 372, 373, 374, 375, 376, 377, 378, 379, 380, 381, 382, 383, 384, 385, 386, 387, 388, 389, 390, 391, 392, 393, 394, 395, 396, 397, 398, 399, 400, 401, 402, 403, 404, 405, 406, 407, 408, 409, 410, 411, 412, 413, 414, 415, 416, 417, 418, 419, 420, 421, 422, 423, 424, 425, 426, 427, 428, 429, 430, 431, 432, 433, 434, 435, 436, 437, 438, 439, 440, 441, 442, 443, 444, 445, 446, 447, 448, 449, 450, 451, 452, 453, 454, 455, 456, 457, 458, 459, 460, 461, 462, 463, 464, 465, 466, 467, 468, 469, 470, 471, 472, 473, 474, 475, 476, 477, 478, 479, 480, 481, 482, 483, 484, 485, 486, 487, 488, 489, 490, 491, 492, 493, 494, 495, 496, 497, 498, 499, 500, 


Solución Mejorada (twoOptMove & randomMove).
Instancia: ../Taillard/T500_20/t500_20.9.txt - Makespan: 27489 - TotalSecs: 12.4833
1, 271, 215, 6, 8, 9, 246, 54, 75, 11, 12, 101, 326, 462, 268, 13, 15, 23, 443, 16, 212, 19, 35, 20, 162, 470, 484, 21, 7, 387, 24, 121, 310, 280, 27, 260, 28, 482, 17, 31, 355, 125, 34, 421, 36, 30, 37, 38, 40, 41, 42, 249, 43, 44, 46, 48, 448, 235, 103, 53, 55, 56, 57, 336, 89, 51, 197, 4, 61, 62, 298, 493, 392, 63, 64, 450, 66, 67, 85, 68, 466, 351, 69, 97, 71, 74, 239, 76, 77, 78, 80, 49, 128, 81, 84, 88, 155, 50, 91, 92, 182, 95, 96, 111, 58, 98, 2, 104, 79, 373, 105, 146, 106, 456, 108, 110, 112, 316, 491, 114, 117, 118, 119, 120, 474, 86, 122, 427, 126, 32, 127, 129, 130, 131, 238, 132, 134, 211, 186, 136, 137, 140, 141, 39, 145, 147, 135, 148, 149, 150, 152, 153, 154, 222, 455, 457, 156, 157, 70, 158, 159, 164, 165, 193, 500, 167, 398, 45, 170, 73, 202, 172, 173, 174, 195, 175, 177, 179, 208, 187, 451, 18, 3, 183, 10, 194, 411, 184, 189, 190, 475, 192, 180, 476, 124, 224, 196, 198, 199, 201, 83, 116, 204, 123, 205, 206, 210, 213, 214, 216, 218, 228, 220, 221, 223, 226, 227, 229, 230, 231, 293, 232, 133, 464, 233, 234, 139, 399, 236, 237, 240, 376, 241, 242, 243, 151, 244, 322, 181, 245, 168, 209, 288, 247, 350, 354, 248, 250, 251, 252, 253, 203, 255, 256, 257, 259, 262, 263, 52, 265, 323, 267, 178, 176, 272, 33, 5, 273, 274, 275, 258, 276, 191, 277, 278, 281, 282, 383, 283, 284, 285, 287, 290, 348, 292, 107, 294, 295, 297, 416, 299, 302, 303, 90, 304, 370, 306, 160, 307, 445, 308, 309, 311, 142, 312, 313, 314, 315, 22, 317, 318, 319, 320, 342, 321, 324, 327, 328, 329, 331, 458, 200, 332, 388, 333, 325, 334, 335, 338, 93, 340, 403, 270, 341, 344, 449, 102, 345, 346, 289, 349, 352, 353, 14, 356, 357, 358, 359, 361, 362, 364, 365, 185, 264, 394, 366, 461, 368, 369, 371, 372, 374, 377, 408, 378, 379, 254, 261, 495, 444, 381, 382, 26, 384, 385, 219, 386, 330, 375, 389, 25, 94, 468, 390, 391, 115, 393, 163, 337, 343, 395, 396, 483, 363, 347, 397, 360, 207, 401, 402, 404, 405, 169, 100, 407, 409, 65, 410, 412, 144, 413, 414, 99, 291, 380, 417, 418, 419, 420, 59, 422, 166, 423, 424, 425, 367, 143, 428, 429, 430, 415, 431, 434, 435, 436, 437, 47, 438, 439, 266, 440, 441, 442, 497, 432, 426, 217, 82, 481, 460, 446, 400, 301, 305, 452, 453, 454, 188, 459, 87, 269, 463, 465, 279, 467, 138, 433, 469, 471, 472, 473, 477, 478, 479, 480, 339, 29, 488, 485, 486, 487, 109, 489, 490, 171, 72, 113, 296, 161, 406, 492, 60, 494, 496, 498, 225, 499, 286, 447, 300, 


Solución Inicial Lexicographica.
Instancia: ../Taillard/T500_20/t500_20.10.txt - Makespan: 29092 - TotalSecs: 0
1, 2, 3, 4, 5, 6, 7, 8, 9, 10, 11, 12, 13, 14, 15, 16, 17, 18, 19, 20, 21, 22, 23, 24, 25, 26, 27, 28, 29, 30, 31, 32, 33, 34, 35, 36, 37, 38, 39, 40, 41, 42, 43, 44, 45, 46, 47, 48, 49, 50, 51, 52, 53, 54, 55, 56, 57, 58, 59, 60, 61, 62, 63, 64, 65, 66, 67, 68, 69, 70, 71, 72, 73, 74, 75, 76, 77, 78, 79, 80, 81, 82, 83, 84, 85, 86, 87, 88, 89, 90, 91, 92, 93, 94, 95, 96, 97, 98, 99, 100, 101, 102, 103, 104, 105, 106, 107, 108, 109, 110, 111, 112, 113, 114, 115, 116, 117, 118, 119, 120, 121, 122, 123, 124, 125, 126, 127, 128, 129, 130, 131, 132, 133, 134, 135, 136, 137, 138, 139, 140, 141, 142, 143, 144, 145, 146, 147, 148, 149, 150, 151, 152, 153, 154, 155, 156, 157, 158, 159, 160, 161, 162, 163, 164, 165, 166, 167, 168, 169, 170, 171, 172, 173, 174, 175, 176, 177, 178, 179, 180, 181, 182, 183, 184, 185, 186, 187, 188, 189, 190, 191, 192, 193, 194, 195, 196, 197, 198, 199, 200, 201, 202, 203, 204, 205, 206, 207, 208, 209, 210, 211, 212, 213, 214, 215, 216, 217, 218, 219, 220, 221, 222, 223, 224, 225, 226, 227, 228, 229, 230, 231, 232, 233, 234, 235, 236, 237, 238, 239, 240, 241, 242, 243, 244, 245, 246, 247, 248, 249, 250, 251, 252, 253, 254, 255, 256, 257, 258, 259, 260, 261, 262, 263, 264, 265, 266, 267, 268, 269, 270, 271, 272, 273, 274, 275, 276, 277, 278, 279, 280, 281, 282, 283, 284, 285, 286, 287, 288, 289, 290, 291, 292, 293, 294, 295, 296, 297, 298, 299, 300, 301, 302, 303, 304, 305, 306, 307, 308, 309, 310, 311, 312, 313, 314, 315, 316, 317, 318, 319, 320, 321, 322, 323, 324, 325, 326, 327, 328, 329, 330, 331, 332, 333, 334, 335, 336, 337, 338, 339, 340, 341, 342, 343, 344, 345, 346, 347, 348, 349, 350, 351, 352, 353, 354, 355, 356, 357, 358, 359, 360, 361, 362, 363, 364, 365, 366, 367, 368, 369, 370, 371, 372, 373, 374, 375, 376, 377, 378, 379, 380, 381, 382, 383, 384, 385, 386, 387, 388, 389, 390, 391, 392, 393, 394, 395, 396, 397, 398, 399, 400, 401, 402, 403, 404, 405, 406, 407, 408, 409, 410, 411, 412, 413, 414, 415, 416, 417, 418, 419, 420, 421, 422, 423, 424, 425, 426, 427, 428, 429, 430, 431, 432, 433, 434, 435, 436, 437, 438, 439, 440, 441, 442, 443, 444, 445, 446, 447, 448, 449, 450, 451, 452, 453, 454, 455, 456, 457, 458, 459, 460, 461, 462, 463, 464, 465, 466, 467, 468, 469, 470, 471, 472, 473, 474, 475, 476, 477, 478, 479, 480, 481, 482, 483, 484, 485, 486, 487, 488, 489, 490, 491, 492, 493, 494, 495, 496, 497, 498, 499, 500, 


Solución Mejorada (twoOptMove & randomMove).
Instancia: ../Taillard/T500_20/t500_20.10.txt - Makespan: 26272 - TotalSecs: 12.4682
182, 145, 114, 4, 5, 33, 6, 9, 334, 474, 450, 434, 412, 302, 11, 12, 13, 14, 15, 19, 240, 104, 21, 25, 421, 28, 340, 217, 30, 279, 31, 34, 35, 37, 38, 39, 186, 40, 70, 42, 43, 44, 94, 46, 47, 451, 48, 49, 52, 53, 54, 55, 378, 56, 141, 58, 59, 332, 60, 400, 62, 164, 314, 111, 63, 16, 209, 68, 394, 415, 374, 270, 322, 73, 74, 75, 76, 425, 78, 79, 81, 82, 84, 86, 87, 179, 32, 119, 88, 371, 89, 23, 85, 138, 169, 90, 91, 92, 423, 93, 282, 95, 163, 458, 96, 97, 64, 432, 121, 98, 324, 101, 102, 105, 454, 109, 57, 112, 113, 464, 116, 117, 118, 301, 459, 120, 122, 123, 125, 246, 126, 71, 128, 129, 130, 131, 132, 133, 452, 134, 45, 127, 136, 137, 465, 201, 142, 143, 99, 144, 146, 147, 148, 149, 150, 151, 152, 154, 156, 140, 430, 115, 158, 159, 160, 161, 24, 219, 165, 106, 313, 166, 167, 170, 171, 174, 175, 178, 181, 190, 184, 185, 135, 260, 189, 177, 435, 191, 192, 401, 193, 194, 195, 353, 196, 197, 204, 198, 200, 241, 203, 206, 208, 210, 211, 232, 243, 212, 183, 168, 213, 214, 215, 216, 218, 220, 221, 273, 222, 3, 224, 323, 225, 226, 107, 227, 228, 473, 202, 249, 230, 231, 36, 234, 235, 294, 237, 238, 239, 242, 244, 245, 372, 247, 248, 250, 251, 252, 139, 253, 254, 255, 256, 257, 259, 29, 236, 399, 342, 261, 8, 263, 264, 265, 266, 278, 267, 268, 269, 199, 176, 7, 271, 274, 275, 277, 223, 50, 20, 280, 283, 284, 286, 287, 289, 290, 291, 293, 307, 364, 295, 296, 297, 298, 65, 305, 300, 304, 306, 303, 308, 292, 309, 281, 17, 310, 311, 312, 315, 316, 317, 67, 319, 442, 320, 321, 229, 331, 325, 326, 77, 358, 328, 155, 329, 330, 335, 338, 83, 339, 262, 258, 446, 386, 345, 346, 2, 348, 349, 351, 352, 318, 276, 354, 355, 341, 426, 357, 359, 360, 333, 361, 362, 172, 363, 365, 367, 368, 369, 370, 285, 22, 373, 375, 376, 377, 379, 380, 61, 382, 173, 383, 350, 356, 27, 385, 381, 387, 388, 390, 344, 391, 392, 428, 393, 1, 153, 411, 395, 396, 327, 397, 157, 402, 403, 404, 405, 299, 406, 407, 460, 80, 408, 445, 409, 10, 413, 414, 366, 180, 416, 419, 420, 110, 461, 288, 427, 347, 69, 429, 431, 72, 433, 436, 437, 438, 439, 441, 66, 443, 444, 100, 447, 448, 449, 384, 453, 455, 336, 456, 272, 205, 108, 462, 463, 466, 468, 469, 440, 343, 418, 470, 471, 398, 389, 51, 457, 472, 187, 475, 476, 103, 477, 478, 479, 480, 410, 481, 482, 188, 483, 484, 485, 26, 486, 422, 487, 337, 467, 488, 417, 489, 233, 490, 491, 492, 424, 124, 162, 18, 493, 494, 495, 496, 497, 41, 498, 499, 500, 207, 
