

Solución Inicial Lexicographica.
Instancia: ../Taillard/T500_20/t500_20.1.txt - Makespan: 30121 - TotalSecs: 0
1, 2, 3, 4, 5, 6, 7, 8, 9, 10, 11, 12, 13, 14, 15, 16, 17, 18, 19, 20, 21, 22, 23, 24, 25, 26, 27, 28, 29, 30, 31, 32, 33, 34, 35, 36, 37, 38, 39, 40, 41, 42, 43, 44, 45, 46, 47, 48, 49, 50, 51, 52, 53, 54, 55, 56, 57, 58, 59, 60, 61, 62, 63, 64, 65, 66, 67, 68, 69, 70, 71, 72, 73, 74, 75, 76, 77, 78, 79, 80, 81, 82, 83, 84, 85, 86, 87, 88, 89, 90, 91, 92, 93, 94, 95, 96, 97, 98, 99, 100, 101, 102, 103, 104, 105, 106, 107, 108, 109, 110, 111, 112, 113, 114, 115, 116, 117, 118, 119, 120, 121, 122, 123, 124, 125, 126, 127, 128, 129, 130, 131, 132, 133, 134, 135, 136, 137, 138, 139, 140, 141, 142, 143, 144, 145, 146, 147, 148, 149, 150, 151, 152, 153, 154, 155, 156, 157, 158, 159, 160, 161, 162, 163, 164, 165, 166, 167, 168, 169, 170, 171, 172, 173, 174, 175, 176, 177, 178, 179, 180, 181, 182, 183, 184, 185, 186, 187, 188, 189, 190, 191, 192, 193, 194, 195, 196, 197, 198, 199, 200, 201, 202, 203, 204, 205, 206, 207, 208, 209, 210, 211, 212, 213, 214, 215, 216, 217, 218, 219, 220, 221, 222, 223, 224, 225, 226, 227, 228, 229, 230, 231, 232, 233, 234, 235, 236, 237, 238, 239, 240, 241, 242, 243, 244, 245, 246, 247, 248, 249, 250, 251, 252, 253, 254, 255, 256, 257, 258, 259, 260, 261, 262, 263, 264, 265, 266, 267, 268, 269, 270, 271, 272, 273, 274, 275, 276, 277, 278, 279, 280, 281, 282, 283, 284, 285, 286, 287, 288, 289, 290, 291, 292, 293, 294, 295, 296, 297, 298, 299, 300, 301, 302, 303, 304, 305, 306, 307, 308, 309, 310, 311, 312, 313, 314, 315, 316, 317, 318, 319, 320, 321, 322, 323, 324, 325, 326, 327, 328, 329, 330, 331, 332, 333, 334, 335, 336, 337, 338, 339, 340, 341, 342, 343, 344, 345, 346, 347, 348, 349, 350, 351, 352, 353, 354, 355, 356, 357, 358, 359, 360, 361, 362, 363, 364, 365, 366, 367, 368, 369, 370, 371, 372, 373, 374, 375, 376, 377, 378, 379, 380, 381, 382, 383, 384, 385, 386, 387, 388, 389, 390, 391, 392, 393, 394, 395, 396, 397, 398, 399, 400, 401, 402, 403, 404, 405, 406, 407, 408, 409, 410, 411, 412, 413, 414, 415, 416, 417, 418, 419, 420, 421, 422, 423, 424, 425, 426, 427, 428, 429, 430, 431, 432, 433, 434, 435, 436, 437, 438, 439, 440, 441, 442, 443, 444, 445, 446, 447, 448, 449, 450, 451, 452, 453, 454, 455, 456, 457, 458, 459, 460, 461, 462, 463, 464, 465, 466, 467, 468, 469, 470, 471, 472, 473, 474, 475, 476, 477, 478, 479, 480, 481, 482, 483, 484, 485, 486, 487, 488, 489, 490, 491, 492, 493, 494, 495, 496, 497, 498, 499, 500, 


Solución Mejorada (twoOptMove & randomMove).
Instancia: ../Taillard/T500_20/t500_20.1.txt - Makespan: 26978 - TotalSecs: 64.0229
55, 86, 215, 491, 1, 76, 2, 116, 172, 4, 209, 5, 8, 10, 11, 16, 19, 21, 22, 378, 56, 24, 26, 27, 29, 31, 308, 377, 327, 224, 288, 184, 421, 36, 14, 37, 42, 43, 295, 44, 176, 181, 47, 449, 48, 51, 52, 139, 431, 53, 144, 54, 119, 58, 59, 61, 91, 63, 475, 66, 68, 69, 285, 166, 25, 71, 33, 60, 283, 49, 39, 324, 340, 12, 73, 74, 9, 492, 124, 79, 80, 154, 270, 82, 83, 221, 87, 89, 90, 248, 92, 95, 96, 97, 314, 70, 200, 99, 100, 101, 88, 108, 18, 102, 78, 153, 103, 75, 374, 107, 109, 41, 498, 110, 303, 476, 256, 104, 50, 112, 499, 411, 113, 114, 115, 400, 105, 40, 120, 122, 358, 67, 128, 129, 332, 111, 155, 131, 485, 133, 134, 127, 135, 386, 141, 206, 142, 202, 132, 143, 486, 292, 241, 146, 259, 147, 148, 149, 126, 150, 151, 152, 156, 346, 157, 193, 319, 267, 158, 159, 65, 160, 118, 161, 234, 162, 164, 342, 169, 38, 46, 174, 175, 344, 45, 121, 177, 178, 179, 180, 323, 125, 490, 81, 182, 62, 246, 186, 187, 341, 188, 217, 32, 452, 34, 191, 391, 192, 195, 196, 198, 199, 167, 201, 362, 203, 204, 205, 17, 410, 190, 210, 211, 213, 214, 183, 216, 170, 98, 357, 219, 220, 222, 140, 453, 225, 226, 227, 228, 229, 230, 231, 23, 233, 235, 236, 212, 240, 273, 242, 255, 243, 245, 247, 249, 130, 251, 252, 253, 331, 257, 261, 262, 84, 263, 238, 264, 265, 266, 438, 268, 269, 85, 300, 57, 320, 487, 354, 272, 194, 274, 275, 276, 277, 278, 280, 281, 284, 93, 328, 496, 289, 290, 291, 293, 296, 297, 189, 298, 299, 398, 301, 302, 13, 428, 304, 305, 494, 207, 260, 307, 309, 310, 20, 311, 312, 313, 315, 145, 316, 458, 402, 321, 322, 325, 326, 329, 343, 333, 287, 426, 137, 282, 334, 468, 349, 336, 384, 339, 359, 106, 208, 94, 237, 364, 447, 345, 123, 347, 348, 250, 350, 352, 306, 173, 388, 353, 451, 335, 356, 163, 360, 337, 390, 361, 355, 363, 365, 368, 380, 369, 385, 371, 372, 373, 422, 239, 376, 370, 381, 382, 3, 383, 389, 443, 392, 434, 395, 393, 171, 218, 414, 394, 396, 397, 64, 401, 403, 404, 405, 406, 379, 407, 117, 408, 412, 375, 409, 279, 413, 415, 197, 416, 418, 419, 399, 442, 420, 455, 423, 232, 424, 432, 425, 427, 168, 429, 430, 271, 436, 433, 435, 338, 294, 437, 6, 439, 440, 441, 286, 444, 351, 445, 318, 446, 30, 450, 258, 165, 454, 461, 456, 138, 457, 317, 459, 7, 460, 463, 464, 474, 244, 465, 466, 467, 469, 470, 471, 448, 462, 472, 28, 473, 35, 477, 72, 330, 367, 478, 500, 479, 480, 481, 366, 482, 417, 483, 484, 488, 489, 77, 493, 387, 254, 495, 185, 15, 497, 136, 223, 


Solución Inicial Lexicographica.
Instancia: ../Taillard/T500_20/t500_20.2.txt - Makespan: 31202 - TotalSecs: 0
1, 2, 3, 4, 5, 6, 7, 8, 9, 10, 11, 12, 13, 14, 15, 16, 17, 18, 19, 20, 21, 22, 23, 24, 25, 26, 27, 28, 29, 30, 31, 32, 33, 34, 35, 36, 37, 38, 39, 40, 41, 42, 43, 44, 45, 46, 47, 48, 49, 50, 51, 52, 53, 54, 55, 56, 57, 58, 59, 60, 61, 62, 63, 64, 65, 66, 67, 68, 69, 70, 71, 72, 73, 74, 75, 76, 77, 78, 79, 80, 81, 82, 83, 84, 85, 86, 87, 88, 89, 90, 91, 92, 93, 94, 95, 96, 97, 98, 99, 100, 101, 102, 103, 104, 105, 106, 107, 108, 109, 110, 111, 112, 113, 114, 115, 116, 117, 118, 119, 120, 121, 122, 123, 124, 125, 126, 127, 128, 129, 130, 131, 132, 133, 134, 135, 136, 137, 138, 139, 140, 141, 142, 143, 144, 145, 146, 147, 148, 149, 150, 151, 152, 153, 154, 155, 156, 157, 158, 159, 160, 161, 162, 163, 164, 165, 166, 167, 168, 169, 170, 171, 172, 173, 174, 175, 176, 177, 178, 179, 180, 181, 182, 183, 184, 185, 186, 187, 188, 189, 190, 191, 192, 193, 194, 195, 196, 197, 198, 199, 200, 201, 202, 203, 204, 205, 206, 207, 208, 209, 210, 211, 212, 213, 214, 215, 216, 217, 218, 219, 220, 221, 222, 223, 224, 225, 226, 227, 228, 229, 230, 231, 232, 233, 234, 235, 236, 237, 238, 239, 240, 241, 242, 243, 244, 245, 246, 247, 248, 249, 250, 251, 252, 253, 254, 255, 256, 257, 258, 259, 260, 261, 262, 263, 264, 265, 266, 267, 268, 269, 270, 271, 272, 273, 274, 275, 276, 277, 278, 279, 280, 281, 282, 283, 284, 285, 286, 287, 288, 289, 290, 291, 292, 293, 294, 295, 296, 297, 298, 299, 300, 301, 302, 303, 304, 305, 306, 307, 308, 309, 310, 311, 312, 313, 314, 315, 316, 317, 318, 319, 320, 321, 322, 323, 324, 325, 326, 327, 328, 329, 330, 331, 332, 333, 334, 335, 336, 337, 338, 339, 340, 341, 342, 343, 344, 345, 346, 347, 348, 349, 350, 351, 352, 353, 354, 355, 356, 357, 358, 359, 360, 361, 362, 363, 364, 365, 366, 367, 368, 369, 370, 371, 372, 373, 374, 375, 376, 377, 378, 379, 380, 381, 382, 383, 384, 385, 386, 387, 388, 389, 390, 391, 392, 393, 394, 395, 396, 397, 398, 399, 400, 401, 402, 403, 404, 405, 406, 407, 408, 409, 410, 411, 412, 413, 414, 415, 416, 417, 418, 419, 420, 421, 422, 423, 424, 425, 426, 427, 428, 429, 430, 431, 432, 433, 434, 435, 436, 437, 438, 439, 440, 441, 442, 443, 444, 445, 446, 447, 448, 449, 450, 451, 452, 453, 454, 455, 456, 457, 458, 459, 460, 461, 462, 463, 464, 465, 466, 467, 468, 469, 470, 471, 472, 473, 474, 475, 476, 477, 478, 479, 480, 481, 482, 483, 484, 485, 486, 487, 488, 489, 490, 491, 492, 493, 494, 495, 496, 497, 498, 499, 500, 


Solución Mejorada (twoOptMove & randomMove).
Instancia: ../Taillard/T500_20/t500_20.2.txt - Makespan: 27543 - TotalSecs: 66.5157
8, 57, 146, 112, 222, 456, 1, 2, 179, 297, 28, 3, 479, 4, 6, 267, 202, 399, 254, 265, 10, 256, 476, 12, 13, 282, 14, 17, 417, 495, 214, 354, 318, 135, 21, 24, 333, 9, 26, 324, 31, 32, 33, 378, 234, 37, 41, 18, 366, 468, 97, 45, 61, 493, 42, 128, 375, 58, 44, 152, 424, 46, 365, 356, 190, 22, 49, 143, 470, 50, 410, 358, 453, 460, 345, 53, 55, 43, 276, 59, 260, 62, 257, 69, 72, 11, 74, 75, 442, 76, 77, 64, 80, 450, 82, 84, 85, 331, 86, 87, 278, 90, 397, 91, 355, 94, 188, 96, 83, 132, 102, 103, 428, 105, 106, 149, 107, 275, 81, 109, 111, 272, 113, 114, 386, 244, 415, 20, 231, 115, 116, 395, 226, 120, 121, 160, 122, 462, 144, 167, 98, 498, 233, 124, 125, 150, 123, 129, 130, 283, 131, 159, 198, 486, 133, 134, 136, 137, 380, 140, 398, 142, 88, 147, 210, 38, 166, 153, 155, 47, 291, 449, 368, 156, 497, 154, 467, 157, 19, 163, 126, 139, 197, 164, 162, 29, 274, 459, 165, 404, 168, 389, 250, 490, 172, 175, 253, 183, 281, 192, 48, 184, 92, 79, 186, 187, 189, 213, 194, 148, 195, 196, 289, 169, 407, 199, 263, 203, 206, 439, 353, 207, 208, 209, 211, 215, 216, 218, 219, 299, 182, 151, 434, 478, 221, 100, 313, 229, 294, 230, 236, 171, 237, 238, 488, 239, 242, 243, 248, 320, 35, 249, 225, 400, 228, 255, 127, 104, 52, 258, 89, 305, 259, 466, 138, 27, 262, 39, 118, 264, 266, 36, 181, 268, 269, 373, 270, 15, 271, 177, 273, 277, 141, 60, 279, 158, 217, 108, 285, 286, 245, 288, 290, 308, 292, 293, 413, 235, 30, 295, 316, 173, 300, 301, 302, 303, 342, 71, 304, 306, 110, 307, 309, 310, 311, 241, 338, 287, 319, 315, 161, 317, 95, 350, 204, 224, 66, 322, 325, 327, 328, 330, 145, 440, 335, 40, 336, 246, 337, 340, 341, 343, 344, 349, 252, 421, 351, 352, 223, 357, 34, 359, 360, 362, 251, 363, 364, 232, 67, 93, 347, 367, 176, 370, 371, 240, 16, 372, 374, 326, 23, 377, 381, 385, 387, 384, 391, 393, 329, 312, 227, 5, 334, 401, 403, 201, 323, 405, 406, 321, 408, 409, 411, 298, 383, 63, 412, 414, 500, 191, 369, 418, 70, 425, 314, 280, 458, 422, 444, 423, 51, 426, 185, 427, 480, 178, 461, 489, 429, 390, 65, 430, 431, 433, 435, 438, 432, 220, 180, 443, 441, 463, 68, 445, 446, 448, 465, 436, 451, 78, 452, 261, 54, 457, 482, 193, 379, 394, 455, 464, 402, 376, 247, 471, 73, 472, 99, 473, 396, 474, 174, 56, 25, 339, 469, 494, 477, 346, 296, 475, 481, 7, 483, 484, 485, 487, 212, 454, 499, 117, 101, 200, 491, 492, 392, 170, 284, 205, 420, 382, 447, 388, 496, 119, 437, 419, 332, 361, 416, 348, 


Solución Inicial Lexicographica.
Instancia: ../Taillard/T500_20/t500_20.3.txt - Makespan: 29406 - TotalSecs: 0
1, 2, 3, 4, 5, 6, 7, 8, 9, 10, 11, 12, 13, 14, 15, 16, 17, 18, 19, 20, 21, 22, 23, 24, 25, 26, 27, 28, 29, 30, 31, 32, 33, 34, 35, 36, 37, 38, 39, 40, 41, 42, 43, 44, 45, 46, 47, 48, 49, 50, 51, 52, 53, 54, 55, 56, 57, 58, 59, 60, 61, 62, 63, 64, 65, 66, 67, 68, 69, 70, 71, 72, 73, 74, 75, 76, 77, 78, 79, 80, 81, 82, 83, 84, 85, 86, 87, 88, 89, 90, 91, 92, 93, 94, 95, 96, 97, 98, 99, 100, 101, 102, 103, 104, 105, 106, 107, 108, 109, 110, 111, 112, 113, 114, 115, 116, 117, 118, 119, 120, 121, 122, 123, 124, 125, 126, 127, 128, 129, 130, 131, 132, 133, 134, 135, 136, 137, 138, 139, 140, 141, 142, 143, 144, 145, 146, 147, 148, 149, 150, 151, 152, 153, 154, 155, 156, 157, 158, 159, 160, 161, 162, 163, 164, 165, 166, 167, 168, 169, 170, 171, 172, 173, 174, 175, 176, 177, 178, 179, 180, 181, 182, 183, 184, 185, 186, 187, 188, 189, 190, 191, 192, 193, 194, 195, 196, 197, 198, 199, 200, 201, 202, 203, 204, 205, 206, 207, 208, 209, 210, 211, 212, 213, 214, 215, 216, 217, 218, 219, 220, 221, 222, 223, 224, 225, 226, 227, 228, 229, 230, 231, 232, 233, 234, 235, 236, 237, 238, 239, 240, 241, 242, 243, 244, 245, 246, 247, 248, 249, 250, 251, 252, 253, 254, 255, 256, 257, 258, 259, 260, 261, 262, 263, 264, 265, 266, 267, 268, 269, 270, 271, 272, 273, 274, 275, 276, 277, 278, 279, 280, 281, 282, 283, 284, 285, 286, 287, 288, 289, 290, 291, 292, 293, 294, 295, 296, 297, 298, 299, 300, 301, 302, 303, 304, 305, 306, 307, 308, 309, 310, 311, 312, 313, 314, 315, 316, 317, 318, 319, 320, 321, 322, 323, 324, 325, 326, 327, 328, 329, 330, 331, 332, 333, 334, 335, 336, 337, 338, 339, 340, 341, 342, 343, 344, 345, 346, 347, 348, 349, 350, 351, 352, 353, 354, 355, 356, 357, 358, 359, 360, 361, 362, 363, 364, 365, 366, 367, 368, 369, 370, 371, 372, 373, 374, 375, 376, 377, 378, 379, 380, 381, 382, 383, 384, 385, 386, 387, 388, 389, 390, 391, 392, 393, 394, 395, 396, 397, 398, 399, 400, 401, 402, 403, 404, 405, 406, 407, 408, 409, 410, 411, 412, 413, 414, 415, 416, 417, 418, 419, 420, 421, 422, 423, 424, 425, 426, 427, 428, 429, 430, 431, 432, 433, 434, 435, 436, 437, 438, 439, 440, 441, 442, 443, 444, 445, 446, 447, 448, 449, 450, 451, 452, 453, 454, 455, 456, 457, 458, 459, 460, 461, 462, 463, 464, 465, 466, 467, 468, 469, 470, 471, 472, 473, 474, 475, 476, 477, 478, 479, 480, 481, 482, 483, 484, 485, 486, 487, 488, 489, 490, 491, 492, 493, 494, 495, 496, 497, 498, 499, 500, 


Solución Mejorada (twoOptMove & randomMove).
Instancia: ../Taillard/T500_20/t500_20.3.txt - Makespan: 26009 - TotalSecs: 67.0119
154, 264, 57, 1, 2, 3, 4, 220, 31, 233, 12, 284, 37, 156, 16, 17, 18, 19, 22, 20, 411, 21, 23, 24, 421, 26, 28, 29, 36, 30, 162, 10, 35, 44, 290, 81, 38, 285, 41, 43, 45, 187, 46, 25, 47, 48, 50, 165, 113, 52, 368, 435, 56, 300, 159, 58, 59, 61, 62, 63, 79, 64, 319, 69, 452, 118, 71, 72, 87, 204, 74, 137, 76, 78, 274, 80, 146, 82, 83, 173, 172, 232, 400, 85, 449, 481, 404, 90, 91, 94, 441, 260, 27, 65, 98, 468, 383, 410, 99, 100, 101, 103, 256, 107, 463, 109, 112, 221, 60, 49, 115, 381, 116, 119, 121, 5, 14, 382, 123, 124, 125, 126, 129, 180, 325, 130, 134, 140, 142, 143, 144, 13, 145, 169, 75, 148, 149, 150, 188, 86, 415, 202, 471, 428, 234, 211, 152, 153, 257, 196, 183, 155, 157, 365, 239, 158, 160, 161, 231, 306, 261, 408, 459, 163, 167, 127, 168, 348, 175, 177, 179, 208, 272, 181, 182, 184, 185, 186, 55, 189, 190, 193, 195, 198, 200, 219, 327, 456, 201, 203, 205, 206, 207, 225, 209, 210, 97, 212, 316, 95, 213, 114, 214, 302, 246, 216, 218, 472, 223, 226, 66, 229, 269, 235, 238, 341, 241, 243, 451, 245, 309, 434, 397, 248, 328, 117, 250, 244, 251, 252, 253, 106, 254, 436, 258, 77, 259, 247, 217, 388, 227, 263, 39, 266, 267, 268, 296, 192, 242, 270, 271, 176, 275, 279, 131, 278, 374, 92, 273, 308, 237, 281, 282, 286, 287, 215, 289, 291, 151, 445, 293, 295, 298, 15, 277, 299, 164, 262, 301, 391, 303, 305, 307, 464, 224, 288, 311, 138, 367, 314, 315, 448, 403, 334, 9, 317, 321, 322, 323, 324, 326, 406, 312, 329, 330, 331, 332, 53, 333, 335, 337, 425, 370, 338, 457, 339, 340, 228, 93, 313, 343, 345, 393, 320, 358, 392, 349, 350, 351, 135, 352, 353, 354, 377, 120, 108, 355, 194, 318, 356, 357, 111, 360, 379, 454, 283, 362, 364, 366, 369, 128, 42, 40, 276, 371, 372, 11, 376, 139, 222, 32, 141, 297, 342, 191, 174, 147, 380, 384, 310, 386, 389, 402, 390, 6, 236, 280, 105, 394, 439, 396, 398, 336, 399, 8, 405, 407, 409, 51, 104, 412, 197, 444, 413, 414, 416, 417, 418, 419, 424, 70, 427, 387, 378, 68, 170, 423, 450, 132, 426, 429, 292, 430, 166, 240, 431, 432, 442, 433, 54, 438, 440, 420, 443, 359, 361, 422, 446, 447, 136, 89, 249, 373, 385, 96, 294, 363, 110, 453, 455, 437, 347, 102, 401, 265, 467, 171, 458, 460, 304, 461, 462, 178, 34, 465, 466, 122, 230, 469, 470, 255, 473, 475, 476, 477, 478, 479, 480, 344, 33, 88, 482, 483, 484, 375, 485, 486, 7, 346, 487, 488, 73, 489, 490, 491, 492, 493, 199, 133, 494, 495, 496, 497, 498, 395, 84, 499, 500, 67, 474, 


Solución Inicial Lexicographica.
Instancia: ../Taillard/T500_20/t500_20.4.txt - Makespan: 30355 - TotalSecs: 0
1, 2, 3, 4, 5, 6, 7, 8, 9, 10, 11, 12, 13, 14, 15, 16, 17, 18, 19, 20, 21, 22, 23, 24, 25, 26, 27, 28, 29, 30, 31, 32, 33, 34, 35, 36, 37, 38, 39, 40, 41, 42, 43, 44, 45, 46, 47, 48, 49, 50, 51, 52, 53, 54, 55, 56, 57, 58, 59, 60, 61, 62, 63, 64, 65, 66, 67, 68, 69, 70, 71, 72, 73, 74, 75, 76, 77, 78, 79, 80, 81, 82, 83, 84, 85, 86, 87, 88, 89, 90, 91, 92, 93, 94, 95, 96, 97, 98, 99, 100, 101, 102, 103, 104, 105, 106, 107, 108, 109, 110, 111, 112, 113, 114, 115, 116, 117, 118, 119, 120, 121, 122, 123, 124, 125, 126, 127, 128, 129, 130, 131, 132, 133, 134, 135, 136, 137, 138, 139, 140, 141, 142, 143, 144, 145, 146, 147, 148, 149, 150, 151, 152, 153, 154, 155, 156, 157, 158, 159, 160, 161, 162, 163, 164, 165, 166, 167, 168, 169, 170, 171, 172, 173, 174, 175, 176, 177, 178, 179, 180, 181, 182, 183, 184, 185, 186, 187, 188, 189, 190, 191, 192, 193, 194, 195, 196, 197, 198, 199, 200, 201, 202, 203, 204, 205, 206, 207, 208, 209, 210, 211, 212, 213, 214, 215, 216, 217, 218, 219, 220, 221, 222, 223, 224, 225, 226, 227, 228, 229, 230, 231, 232, 233, 234, 235, 236, 237, 238, 239, 240, 241, 242, 243, 244, 245, 246, 247, 248, 249, 250, 251, 252, 253, 254, 255, 256, 257, 258, 259, 260, 261, 262, 263, 264, 265, 266, 267, 268, 269, 270, 271, 272, 273, 274, 275, 276, 277, 278, 279, 280, 281, 282, 283, 284, 285, 286, 287, 288, 289, 290, 291, 292, 293, 294, 295, 296, 297, 298, 299, 300, 301, 302, 303, 304, 305, 306, 307, 308, 309, 310, 311, 312, 313, 314, 315, 316, 317, 318, 319, 320, 321, 322, 323, 324, 325, 326, 327, 328, 329, 330, 331, 332, 333, 334, 335, 336, 337, 338, 339, 340, 341, 342, 343, 344, 345, 346, 347, 348, 349, 350, 351, 352, 353, 354, 355, 356, 357, 358, 359, 360, 361, 362, 363, 364, 365, 366, 367, 368, 369, 370, 371, 372, 373, 374, 375, 376, 377, 378, 379, 380, 381, 382, 383, 384, 385, 386, 387, 388, 389, 390, 391, 392, 393, 394, 395, 396, 397, 398, 399, 400, 401, 402, 403, 404, 405, 406, 407, 408, 409, 410, 411, 412, 413, 414, 415, 416, 417, 418, 419, 420, 421, 422, 423, 424, 425, 426, 427, 428, 429, 430, 431, 432, 433, 434, 435, 436, 437, 438, 439, 440, 441, 442, 443, 444, 445, 446, 447, 448, 449, 450, 451, 452, 453, 454, 455, 456, 457, 458, 459, 460, 461, 462, 463, 464, 465, 466, 467, 468, 469, 470, 471, 472, 473, 474, 475, 476, 477, 478, 479, 480, 481, 482, 483, 484, 485, 486, 487, 488, 489, 490, 491, 492, 493, 494, 495, 496, 497, 498, 499, 500, 


Solución Mejorada (twoOptMove & randomMove).
Instancia: ../Taillard/T500_20/t500_20.4.txt - Makespan: 27161 - TotalSecs: 65.4195
289, 151, 1, 372, 498, 77, 4, 264, 7, 8, 50, 6, 9, 327, 10, 181, 11, 118, 471, 178, 234, 17, 19, 147, 368, 22, 250, 76, 496, 135, 210, 28, 30, 157, 363, 31, 32, 34, 39, 165, 40, 43, 187, 23, 41, 45, 47, 177, 51, 53, 330, 282, 71, 55, 359, 332, 56, 52, 59, 237, 111, 61, 73, 63, 89, 66, 44, 483, 422, 392, 478, 60, 67, 68, 70, 312, 72, 74, 75, 78, 80, 95, 81, 82, 15, 85, 127, 87, 172, 90, 93, 153, 223, 94, 155, 102, 404, 103, 104, 254, 105, 106, 107, 108, 109, 110, 29, 91, 84, 113, 114, 115, 116, 117, 174, 120, 414, 121, 123, 481, 446, 124, 126, 46, 457, 2, 96, 128, 129, 131, 391, 133, 134, 137, 139, 164, 281, 144, 222, 12, 142, 146, 149, 409, 169, 62, 366, 353, 58, 154, 489, 140, 156, 160, 377, 184, 162, 491, 302, 26, 166, 167, 98, 272, 466, 57, 240, 171, 143, 425, 175, 448, 176, 150, 179, 158, 180, 182, 188, 189, 190, 191, 193, 163, 37, 195, 197, 198, 199, 200, 201, 207, 194, 251, 202, 204, 408, 205, 69, 206, 86, 456, 421, 212, 215, 213, 214, 216, 218, 451, 14, 220, 221, 224, 225, 226, 227, 230, 231, 232, 233, 276, 219, 235, 474, 236, 238, 16, 258, 241, 242, 243, 20, 161, 24, 244, 246, 122, 247, 351, 196, 159, 252, 253, 239, 301, 255, 269, 257, 259, 261, 288, 265, 322, 266, 267, 268, 407, 270, 317, 97, 275, 203, 277, 279, 280, 283, 284, 285, 343, 308, 286, 290, 278, 292, 293, 136, 294, 54, 295, 296, 297, 298, 299, 183, 300, 173, 132, 406, 303, 307, 309, 185, 310, 376, 313, 314, 325, 443, 315, 316, 5, 192, 271, 88, 304, 25, 336, 318, 319, 428, 320, 321, 323, 324, 33, 329, 333, 335, 440, 228, 355, 337, 339, 340, 130, 342, 344, 346, 347, 348, 152, 326, 349, 49, 350, 352, 354, 217, 357, 358, 493, 442, 249, 170, 331, 125, 65, 361, 362, 334, 364, 405, 388, 365, 386, 369, 371, 341, 373, 374, 375, 263, 379, 79, 380, 138, 211, 396, 338, 383, 384, 385, 387, 382, 418, 27, 92, 390, 148, 393, 273, 381, 394, 395, 119, 397, 398, 399, 401, 402, 403, 410, 497, 411, 441, 378, 412, 413, 415, 423, 416, 13, 419, 434, 420, 424, 426, 427, 389, 145, 305, 328, 475, 208, 429, 112, 468, 245, 431, 35, 453, 432, 433, 417, 36, 435, 430, 436, 437, 438, 83, 439, 274, 370, 186, 444, 445, 360, 447, 449, 450, 452, 454, 455, 460, 458, 469, 459, 461, 462, 21, 463, 311, 248, 464, 465, 99, 479, 38, 467, 229, 488, 472, 306, 48, 473, 260, 18, 476, 64, 477, 42, 482, 101, 484, 485, 141, 168, 356, 291, 486, 487, 345, 490, 492, 494, 495, 470, 256, 3, 499, 100, 500, 287, 400, 209, 480, 262, 367, 


Solución Inicial Lexicographica.
Instancia: ../Taillard/T500_20/t500_20.5.txt - Makespan: 30099 - TotalSecs: 0
1, 2, 3, 4, 5, 6, 7, 8, 9, 10, 11, 12, 13, 14, 15, 16, 17, 18, 19, 20, 21, 22, 23, 24, 25, 26, 27, 28, 29, 30, 31, 32, 33, 34, 35, 36, 37, 38, 39, 40, 41, 42, 43, 44, 45, 46, 47, 48, 49, 50, 51, 52, 53, 54, 55, 56, 57, 58, 59, 60, 61, 62, 63, 64, 65, 66, 67, 68, 69, 70, 71, 72, 73, 74, 75, 76, 77, 78, 79, 80, 81, 82, 83, 84, 85, 86, 87, 88, 89, 90, 91, 92, 93, 94, 95, 96, 97, 98, 99, 100, 101, 102, 103, 104, 105, 106, 107, 108, 109, 110, 111, 112, 113, 114, 115, 116, 117, 118, 119, 120, 121, 122, 123, 124, 125, 126, 127, 128, 129, 130, 131, 132, 133, 134, 135, 136, 137, 138, 139, 140, 141, 142, 143, 144, 145, 146, 147, 148, 149, 150, 151, 152, 153, 154, 155, 156, 157, 158, 159, 160, 161, 162, 163, 164, 165, 166, 167, 168, 169, 170, 171, 172, 173, 174, 175, 176, 177, 178, 179, 180, 181, 182, 183, 184, 185, 186, 187, 188, 189, 190, 191, 192, 193, 194, 195, 196, 197, 198, 199, 200, 201, 202, 203, 204, 205, 206, 207, 208, 209, 210, 211, 212, 213, 214, 215, 216, 217, 218, 219, 220, 221, 222, 223, 224, 225, 226, 227, 228, 229, 230, 231, 232, 233, 234, 235, 236, 237, 238, 239, 240, 241, 242, 243, 244, 245, 246, 247, 248, 249, 250, 251, 252, 253, 254, 255, 256, 257, 258, 259, 260, 261, 262, 263, 264, 265, 266, 267, 268, 269, 270, 271, 272, 273, 274, 275, 276, 277, 278, 279, 280, 281, 282, 283, 284, 285, 286, 287, 288, 289, 290, 291, 292, 293, 294, 295, 296, 297, 298, 299, 300, 301, 302, 303, 304, 305, 306, 307, 308, 309, 310, 311, 312, 313, 314, 315, 316, 317, 318, 319, 320, 321, 322, 323, 324, 325, 326, 327, 328, 329, 330, 331, 332, 333, 334, 335, 336, 337, 338, 339, 340, 341, 342, 343, 344, 345, 346, 347, 348, 349, 350, 351, 352, 353, 354, 355, 356, 357, 358, 359, 360, 361, 362, 363, 364, 365, 366, 367, 368, 369, 370, 371, 372, 373, 374, 375, 376, 377, 378, 379, 380, 381, 382, 383, 384, 385, 386, 387, 388, 389, 390, 391, 392, 393, 394, 395, 396, 397, 398, 399, 400, 401, 402, 403, 404, 405, 406, 407, 408, 409, 410, 411, 412, 413, 414, 415, 416, 417, 418, 419, 420, 421, 422, 423, 424, 425, 426, 427, 428, 429, 430, 431, 432, 433, 434, 435, 436, 437, 438, 439, 440, 441, 442, 443, 444, 445, 446, 447, 448, 449, 450, 451, 452, 453, 454, 455, 456, 457, 458, 459, 460, 461, 462, 463, 464, 465, 466, 467, 468, 469, 470, 471, 472, 473, 474, 475, 476, 477, 478, 479, 480, 481, 482, 483, 484, 485, 486, 487, 488, 489, 490, 491, 492, 493, 494, 495, 496, 497, 498, 499, 500, 


Solución Mejorada (twoOptMove & randomMove).
Instancia: ../Taillard/T500_20/t500_20.5.txt - Makespan: 27046 - TotalSecs: 63.5746
1, 246, 137, 331, 3, 383, 110, 5, 144, 396, 7, 464, 8, 36, 477, 475, 10, 12, 85, 412, 14, 126, 95, 13, 46, 84, 271, 280, 17, 120, 191, 496, 384, 18, 281, 28, 491, 31, 32, 206, 33, 225, 34, 35, 111, 37, 38, 194, 151, 41, 360, 476, 44, 367, 449, 274, 114, 49, 387, 117, 51, 55, 50, 154, 56, 134, 57, 500, 277, 61, 64, 65, 198, 66, 92, 67, 70, 71, 76, 153, 79, 426, 254, 81, 82, 226, 494, 87, 219, 88, 89, 91, 58, 93, 94, 98, 315, 358, 68, 100, 399, 145, 102, 103, 180, 297, 116, 402, 59, 105, 80, 106, 63, 109, 131, 115, 128, 118, 25, 119, 322, 122, 362, 123, 124, 127, 295, 232, 300, 152, 168, 455, 304, 192, 129, 208, 130, 132, 155, 411, 171, 136, 403, 138, 75, 6, 324, 139, 140, 143, 146, 435, 160, 335, 162, 142, 163, 164, 165, 43, 169, 170, 157, 108, 197, 188, 216, 173, 174, 175, 176, 181, 205, 83, 21, 177, 178, 179, 72, 183, 184, 204, 20, 186, 187, 107, 439, 419, 42, 112, 189, 22, 195, 199, 40, 202, 287, 229, 156, 203, 270, 261, 207, 62, 29, 210, 211, 212, 213, 214, 52, 217, 159, 99, 220, 223, 224, 472, 227, 228, 221, 381, 345, 319, 231, 327, 253, 233, 234, 237, 238, 248, 250, 463, 294, 251, 2, 201, 16, 158, 255, 499, 257, 236, 258, 259, 260, 262, 148, 333, 264, 150, 266, 242, 97, 60, 133, 235, 441, 268, 275, 276, 196, 366, 334, 359, 243, 278, 282, 78, 283, 292, 285, 239, 286, 289, 222, 290, 291, 121, 293, 296, 298, 299, 301, 302, 303, 305, 306, 308, 147, 457, 346, 309, 354, 310, 311, 312, 314, 317, 357, 320, 323, 380, 326, 416, 245, 330, 172, 465, 432, 265, 272, 141, 240, 393, 77, 336, 350, 337, 338, 339, 332, 190, 30, 340, 218, 342, 343, 344, 329, 284, 348, 349, 361, 307, 353, 355, 347, 27, 363, 364, 39, 54, 368, 374, 4, 256, 369, 53, 267, 11, 269, 370, 230, 397, 371, 372, 373, 375, 378, 23, 379, 313, 26, 382, 47, 193, 386, 388, 389, 288, 377, 390, 391, 392, 316, 395, 414, 398, 400, 376, 404, 440, 247, 405, 406, 407, 318, 409, 365, 410, 263, 413, 45, 415, 73, 385, 474, 252, 401, 408, 497, 273, 244, 417, 19, 427, 418, 430, 420, 421, 492, 422, 423, 424, 425, 428, 429, 431, 433, 447, 125, 74, 434, 437, 438, 328, 448, 442, 443, 325, 446, 200, 452, 450, 453, 113, 356, 104, 456, 436, 352, 394, 459, 321, 454, 461, 462, 241, 166, 135, 467, 473, 90, 444, 96, 15, 466, 469, 470, 471, 249, 24, 86, 460, 9, 478, 479, 480, 351, 482, 483, 161, 484, 481, 485, 445, 458, 101, 167, 468, 486, 487, 488, 185, 209, 489, 490, 215, 493, 69, 495, 451, 48, 498, 279, 182, 149, 341, 


Solución Inicial Lexicographica.
Instancia: ../Taillard/T500_20/t500_20.6.txt - Makespan: 30946 - TotalSecs: 0
1, 2, 3, 4, 5, 6, 7, 8, 9, 10, 11, 12, 13, 14, 15, 16, 17, 18, 19, 20, 21, 22, 23, 24, 25, 26, 27, 28, 29, 30, 31, 32, 33, 34, 35, 36, 37, 38, 39, 40, 41, 42, 43, 44, 45, 46, 47, 48, 49, 50, 51, 52, 53, 54, 55, 56, 57, 58, 59, 60, 61, 62, 63, 64, 65, 66, 67, 68, 69, 70, 71, 72, 73, 74, 75, 76, 77, 78, 79, 80, 81, 82, 83, 84, 85, 86, 87, 88, 89, 90, 91, 92, 93, 94, 95, 96, 97, 98, 99, 100, 101, 102, 103, 104, 105, 106, 107, 108, 109, 110, 111, 112, 113, 114, 115, 116, 117, 118, 119, 120, 121, 122, 123, 124, 125, 126, 127, 128, 129, 130, 131, 132, 133, 134, 135, 136, 137, 138, 139, 140, 141, 142, 143, 144, 145, 146, 147, 148, 149, 150, 151, 152, 153, 154, 155, 156, 157, 158, 159, 160, 161, 162, 163, 164, 165, 166, 167, 168, 169, 170, 171, 172, 173, 174, 175, 176, 177, 178, 179, 180, 181, 182, 183, 184, 185, 186, 187, 188, 189, 190, 191, 192, 193, 194, 195, 196, 197, 198, 199, 200, 201, 202, 203, 204, 205, 206, 207, 208, 209, 210, 211, 212, 213, 214, 215, 216, 217, 218, 219, 220, 221, 222, 223, 224, 225, 226, 227, 228, 229, 230, 231, 232, 233, 234, 235, 236, 237, 238, 239, 240, 241, 242, 243, 244, 245, 246, 247, 248, 249, 250, 251, 252, 253, 254, 255, 256, 257, 258, 259, 260, 261, 262, 263, 264, 265, 266, 267, 268, 269, 270, 271, 272, 273, 274, 275, 276, 277, 278, 279, 280, 281, 282, 283, 284, 285, 286, 287, 288, 289, 290, 291, 292, 293, 294, 295, 296, 297, 298, 299, 300, 301, 302, 303, 304, 305, 306, 307, 308, 309, 310, 311, 312, 313, 314, 315, 316, 317, 318, 319, 320, 321, 322, 323, 324, 325, 326, 327, 328, 329, 330, 331, 332, 333, 334, 335, 336, 337, 338, 339, 340, 341, 342, 343, 344, 345, 346, 347, 348, 349, 350, 351, 352, 353, 354, 355, 356, 357, 358, 359, 360, 361, 362, 363, 364, 365, 366, 367, 368, 369, 370, 371, 372, 373, 374, 375, 376, 377, 378, 379, 380, 381, 382, 383, 384, 385, 386, 387, 388, 389, 390, 391, 392, 393, 394, 395, 396, 397, 398, 399, 400, 401, 402, 403, 404, 405, 406, 407, 408, 409, 410, 411, 412, 413, 414, 415, 416, 417, 418, 419, 420, 421, 422, 423, 424, 425, 426, 427, 428, 429, 430, 431, 432, 433, 434, 435, 436, 437, 438, 439, 440, 441, 442, 443, 444, 445, 446, 447, 448, 449, 450, 451, 452, 453, 454, 455, 456, 457, 458, 459, 460, 461, 462, 463, 464, 465, 466, 467, 468, 469, 470, 471, 472, 473, 474, 475, 476, 477, 478, 479, 480, 481, 482, 483, 484, 485, 486, 487, 488, 489, 490, 491, 492, 493, 494, 495, 496, 497, 498, 499, 500, 


Solución Mejorada (twoOptMove & randomMove).
Instancia: ../Taillard/T500_20/t500_20.6.txt - Makespan: 27237 - TotalSecs: 65.7497
285, 37, 177, 59, 108, 51, 471, 154, 318, 1, 15, 206, 3, 4, 7, 372, 456, 8, 14, 342, 9, 500, 331, 10, 11, 251, 489, 12, 312, 233, 17, 18, 422, 20, 95, 139, 21, 161, 385, 472, 171, 453, 26, 267, 28, 421, 30, 31, 330, 142, 32, 19, 495, 38, 44, 197, 473, 137, 39, 34, 313, 352, 41, 112, 294, 43, 388, 102, 40, 45, 232, 46, 36, 290, 47, 52, 55, 60, 247, 57, 490, 369, 61, 62, 64, 49, 65, 35, 68, 72, 24, 74, 217, 33, 80, 75, 76, 77, 78, 144, 292, 134, 443, 348, 81, 84, 452, 305, 87, 91, 92, 93, 414, 101, 104, 141, 109, 425, 100, 105, 113, 135, 417, 117, 497, 121, 411, 464, 124, 115, 301, 126, 119, 128, 131, 94, 320, 278, 133, 475, 226, 136, 110, 402, 138, 166, 140, 107, 143, 147, 148, 186, 67, 149, 200, 146, 152, 155, 190, 485, 160, 163, 196, 465, 164, 165, 167, 118, 168, 205, 172, 173, 23, 174, 63, 176, 304, 178, 179, 180, 181, 175, 182, 183, 446, 209, 498, 192, 470, 224, 219, 79, 236, 86, 169, 282, 193, 302, 194, 159, 195, 357, 207, 208, 210, 225, 211, 212, 213, 50, 235, 22, 253, 216, 263, 220, 335, 151, 230, 231, 234, 189, 238, 303, 239, 240, 83, 441, 241, 156, 242, 125, 88, 296, 199, 249, 364, 198, 309, 243, 187, 130, 201, 377, 248, 257, 310, 96, 326, 222, 250, 398, 252, 256, 374, 259, 261, 262, 5, 297, 82, 16, 284, 237, 487, 246, 265, 145, 266, 268, 387, 73, 269, 270, 157, 272, 273, 274, 386, 275, 66, 279, 408, 321, 280, 283, 286, 288, 90, 56, 454, 289, 293, 295, 2, 298, 299, 300, 97, 468, 306, 307, 332, 308, 311, 314, 316, 120, 319, 258, 355, 322, 323, 85, 361, 150, 277, 281, 415, 327, 333, 367, 334, 336, 324, 400, 214, 338, 315, 89, 340, 373, 341, 344, 345, 346, 71, 349, 276, 353, 111, 227, 354, 358, 359, 360, 127, 203, 409, 48, 362, 42, 363, 53, 366, 368, 291, 371, 69, 221, 99, 494, 325, 350, 188, 459, 379, 380, 317, 351, 381, 382, 451, 370, 378, 383, 384, 482, 271, 184, 389, 391, 218, 392, 393, 433, 394, 395, 397, 401, 228, 223, 403, 404, 412, 158, 405, 114, 375, 215, 410, 413, 123, 103, 185, 418, 70, 419, 287, 356, 204, 420, 423, 245, 424, 406, 440, 426, 427, 339, 429, 376, 396, 431, 229, 432, 343, 264, 434, 255, 25, 460, 416, 435, 480, 439, 58, 436, 106, 437, 390, 153, 438, 442, 191, 444, 445, 447, 448, 449, 458, 450, 455, 457, 430, 162, 461, 462, 463, 474, 54, 407, 466, 476, 486, 469, 467, 481, 116, 477, 122, 478, 479, 484, 6, 337, 129, 29, 491, 328, 329, 488, 347, 132, 492, 244, 493, 98, 260, 496, 483, 27, 170, 499, 399, 365, 202, 13, 254, 428, 


Solución Inicial Lexicographica.
Instancia: ../Taillard/T500_20/t500_20.7.txt - Makespan: 30792 - TotalSecs: 0
1, 2, 3, 4, 5, 6, 7, 8, 9, 10, 11, 12, 13, 14, 15, 16, 17, 18, 19, 20, 21, 22, 23, 24, 25, 26, 27, 28, 29, 30, 31, 32, 33, 34, 35, 36, 37, 38, 39, 40, 41, 42, 43, 44, 45, 46, 47, 48, 49, 50, 51, 52, 53, 54, 55, 56, 57, 58, 59, 60, 61, 62, 63, 64, 65, 66, 67, 68, 69, 70, 71, 72, 73, 74, 75, 76, 77, 78, 79, 80, 81, 82, 83, 84, 85, 86, 87, 88, 89, 90, 91, 92, 93, 94, 95, 96, 97, 98, 99, 100, 101, 102, 103, 104, 105, 106, 107, 108, 109, 110, 111, 112, 113, 114, 115, 116, 117, 118, 119, 120, 121, 122, 123, 124, 125, 126, 127, 128, 129, 130, 131, 132, 133, 134, 135, 136, 137, 138, 139, 140, 141, 142, 143, 144, 145, 146, 147, 148, 149, 150, 151, 152, 153, 154, 155, 156, 157, 158, 159, 160, 161, 162, 163, 164, 165, 166, 167, 168, 169, 170, 171, 172, 173, 174, 175, 176, 177, 178, 179, 180, 181, 182, 183, 184, 185, 186, 187, 188, 189, 190, 191, 192, 193, 194, 195, 196, 197, 198, 199, 200, 201, 202, 203, 204, 205, 206, 207, 208, 209, 210, 211, 212, 213, 214, 215, 216, 217, 218, 219, 220, 221, 222, 223, 224, 225, 226, 227, 228, 229, 230, 231, 232, 233, 234, 235, 236, 237, 238, 239, 240, 241, 242, 243, 244, 245, 246, 247, 248, 249, 250, 251, 252, 253, 254, 255, 256, 257, 258, 259, 260, 261, 262, 263, 264, 265, 266, 267, 268, 269, 270, 271, 272, 273, 274, 275, 276, 277, 278, 279, 280, 281, 282, 283, 284, 285, 286, 287, 288, 289, 290, 291, 292, 293, 294, 295, 296, 297, 298, 299, 300, 301, 302, 303, 304, 305, 306, 307, 308, 309, 310, 311, 312, 313, 314, 315, 316, 317, 318, 319, 320, 321, 322, 323, 324, 325, 326, 327, 328, 329, 330, 331, 332, 333, 334, 335, 336, 337, 338, 339, 340, 341, 342, 343, 344, 345, 346, 347, 348, 349, 350, 351, 352, 353, 354, 355, 356, 357, 358, 359, 360, 361, 362, 363, 364, 365, 366, 367, 368, 369, 370, 371, 372, 373, 374, 375, 376, 377, 378, 379, 380, 381, 382, 383, 384, 385, 386, 387, 388, 389, 390, 391, 392, 393, 394, 395, 396, 397, 398, 399, 400, 401, 402, 403, 404, 405, 406, 407, 408, 409, 410, 411, 412, 413, 414, 415, 416, 417, 418, 419, 420, 421, 422, 423, 424, 425, 426, 427, 428, 429, 430, 431, 432, 433, 434, 435, 436, 437, 438, 439, 440, 441, 442, 443, 444, 445, 446, 447, 448, 449, 450, 451, 452, 453, 454, 455, 456, 457, 458, 459, 460, 461, 462, 463, 464, 465, 466, 467, 468, 469, 470, 471, 472, 473, 474, 475, 476, 477, 478, 479, 480, 481, 482, 483, 484, 485, 486, 487, 488, 489, 490, 491, 492, 493, 494, 495, 496, 497, 498, 499, 500, 


Solución Mejorada (twoOptMove & randomMove).
Instancia: ../Taillard/T500_20/t500_20.7.txt - Makespan: 27092 - TotalSecs: 66.8946
54, 365, 460, 303, 75, 4, 312, 252, 182, 6, 7, 1, 174, 292, 288, 335, 2, 485, 396, 464, 445, 33, 124, 187, 295, 17, 31, 18, 19, 21, 487, 27, 25, 30, 29, 293, 412, 98, 241, 37, 38, 39, 40, 43, 209, 44, 208, 48, 47, 20, 23, 50, 51, 118, 340, 369, 52, 55, 95, 11, 410, 59, 61, 254, 108, 62, 63, 64, 66, 360, 70, 71, 158, 236, 72, 73, 56, 74, 120, 76, 77, 78, 196, 82, 83, 87, 418, 89, 105, 91, 134, 92, 93, 94, 32, 110, 97, 57, 221, 100, 223, 104, 106, 112, 113, 85, 115, 116, 157, 81, 119, 123, 125, 129, 320, 132, 281, 135, 136, 9, 139, 140, 278, 143, 145, 117, 147, 409, 12, 148, 150, 420, 153, 154, 156, 34, 380, 428, 250, 160, 162, 53, 163, 498, 164, 166, 15, 172, 114, 86, 352, 109, 168, 169, 68, 473, 170, 173, 210, 175, 10, 177, 178, 180, 214, 126, 356, 102, 183, 142, 261, 130, 323, 99, 471, 184, 65, 155, 176, 128, 149, 189, 190, 192, 194, 197, 216, 151, 101, 229, 202, 359, 203, 207, 111, 211, 213, 327, 179, 191, 423, 69, 493, 215, 165, 217, 370, 218, 222, 131, 224, 225, 461, 434, 227, 230, 328, 181, 462, 231, 341, 232, 234, 337, 448, 79, 237, 497, 238, 240, 133, 242, 219, 243, 245, 167, 363, 193, 248, 287, 334, 333, 253, 290, 255, 271, 350, 256, 141, 259, 60, 42, 265, 263, 206, 266, 264, 267, 268, 269, 306, 272, 286, 291, 466, 273, 270, 364, 275, 276, 5, 279, 305, 441, 280, 282, 284, 326, 285, 258, 88, 289, 313, 277, 321, 251, 495, 185, 440, 294, 204, 161, 389, 299, 257, 300, 301, 302, 304, 408, 244, 220, 58, 309, 311, 310, 314, 315, 319, 454, 378, 316, 317, 239, 322, 324, 325, 342, 455, 329, 332, 338, 391, 247, 336, 296, 472, 138, 201, 399, 343, 421, 344, 345, 346, 347, 349, 330, 351, 339, 424, 353, 355, 318, 357, 358, 463, 361, 362, 260, 80, 297, 24, 188, 366, 367, 368, 41, 371, 372, 383, 373, 374, 246, 447, 375, 376, 413, 403, 392, 379, 381, 382, 46, 384, 385, 386, 387, 405, 427, 388, 152, 390, 393, 354, 397, 103, 233, 212, 398, 146, 401, 404, 298, 406, 419, 407, 417, 171, 476, 411, 415, 416, 90, 422, 425, 426, 429, 394, 430, 431, 432, 435, 436, 228, 377, 200, 107, 22, 437, 186, 28, 127, 438, 439, 467, 400, 442, 443, 444, 446, 3, 433, 274, 449, 450, 451, 474, 452, 67, 26, 453, 199, 283, 479, 457, 459, 468, 469, 470, 159, 308, 477, 480, 235, 307, 481, 402, 137, 35, 144, 482, 262, 14, 475, 483, 484, 249, 13, 486, 36, 478, 414, 458, 465, 488, 489, 395, 331, 490, 96, 16, 8, 491, 492, 49, 121, 494, 496, 205, 226, 198, 499, 122, 84, 456, 45, 500, 195, 348, 


Solución Inicial Lexicographica.
Instancia: ../Taillard/T500_20/t500_20.8.txt - Makespan: 31034 - TotalSecs: 0
1, 2, 3, 4, 5, 6, 7, 8, 9, 10, 11, 12, 13, 14, 15, 16, 17, 18, 19, 20, 21, 22, 23, 24, 25, 26, 27, 28, 29, 30, 31, 32, 33, 34, 35, 36, 37, 38, 39, 40, 41, 42, 43, 44, 45, 46, 47, 48, 49, 50, 51, 52, 53, 54, 55, 56, 57, 58, 59, 60, 61, 62, 63, 64, 65, 66, 67, 68, 69, 70, 71, 72, 73, 74, 75, 76, 77, 78, 79, 80, 81, 82, 83, 84, 85, 86, 87, 88, 89, 90, 91, 92, 93, 94, 95, 96, 97, 98, 99, 100, 101, 102, 103, 104, 105, 106, 107, 108, 109, 110, 111, 112, 113, 114, 115, 116, 117, 118, 119, 120, 121, 122, 123, 124, 125, 126, 127, 128, 129, 130, 131, 132, 133, 134, 135, 136, 137, 138, 139, 140, 141, 142, 143, 144, 145, 146, 147, 148, 149, 150, 151, 152, 153, 154, 155, 156, 157, 158, 159, 160, 161, 162, 163, 164, 165, 166, 167, 168, 169, 170, 171, 172, 173, 174, 175, 176, 177, 178, 179, 180, 181, 182, 183, 184, 185, 186, 187, 188, 189, 190, 191, 192, 193, 194, 195, 196, 197, 198, 199, 200, 201, 202, 203, 204, 205, 206, 207, 208, 209, 210, 211, 212, 213, 214, 215, 216, 217, 218, 219, 220, 221, 222, 223, 224, 225, 226, 227, 228, 229, 230, 231, 232, 233, 234, 235, 236, 237, 238, 239, 240, 241, 242, 243, 244, 245, 246, 247, 248, 249, 250, 251, 252, 253, 254, 255, 256, 257, 258, 259, 260, 261, 262, 263, 264, 265, 266, 267, 268, 269, 270, 271, 272, 273, 274, 275, 276, 277, 278, 279, 280, 281, 282, 283, 284, 285, 286, 287, 288, 289, 290, 291, 292, 293, 294, 295, 296, 297, 298, 299, 300, 301, 302, 303, 304, 305, 306, 307, 308, 309, 310, 311, 312, 313, 314, 315, 316, 317, 318, 319, 320, 321, 322, 323, 324, 325, 326, 327, 328, 329, 330, 331, 332, 333, 334, 335, 336, 337, 338, 339, 340, 341, 342, 343, 344, 345, 346, 347, 348, 349, 350, 351, 352, 353, 354, 355, 356, 357, 358, 359, 360, 361, 362, 363, 364, 365, 366, 367, 368, 369, 370, 371, 372, 373, 374, 375, 376, 377, 378, 379, 380, 381, 382, 383, 384, 385, 386, 387, 388, 389, 390, 391, 392, 393, 394, 395, 396, 397, 398, 399, 400, 401, 402, 403, 404, 405, 406, 407, 408, 409, 410, 411, 412, 413, 414, 415, 416, 417, 418, 419, 420, 421, 422, 423, 424, 425, 426, 427, 428, 429, 430, 431, 432, 433, 434, 435, 436, 437, 438, 439, 440, 441, 442, 443, 444, 445, 446, 447, 448, 449, 450, 451, 452, 453, 454, 455, 456, 457, 458, 459, 460, 461, 462, 463, 464, 465, 466, 467, 468, 469, 470, 471, 472, 473, 474, 475, 476, 477, 478, 479, 480, 481, 482, 483, 484, 485, 486, 487, 488, 489, 490, 491, 492, 493, 494, 495, 496, 497, 498, 499, 500, 


Solución Mejorada (twoOptMove & randomMove).
Instancia: ../Taillard/T500_20/t500_20.8.txt - Makespan: 27386 - TotalSecs: 66.3012
54, 98, 1, 2, 315, 3, 342, 6, 10, 14, 28, 416, 13, 323, 287, 17, 442, 401, 15, 11, 172, 8, 249, 61, 137, 436, 258, 20, 477, 23, 24, 51, 306, 27, 431, 480, 29, 359, 64, 32, 33, 35, 37, 349, 375, 451, 38, 39, 19, 472, 40, 41, 163, 43, 280, 44, 129, 308, 50, 31, 52, 118, 334, 171, 58, 59, 62, 66, 373, 94, 67, 441, 68, 69, 70, 72, 206, 447, 74, 75, 84, 76, 396, 426, 80, 382, 457, 485, 484, 78, 82, 83, 494, 85, 300, 119, 86, 87, 92, 124, 88, 89, 453, 479, 93, 374, 116, 95, 347, 167, 104, 498, 100, 49, 103, 111, 444, 107, 292, 99, 108, 467, 353, 112, 26, 113, 126, 117, 499, 122, 123, 192, 125, 127, 128, 243, 490, 130, 274, 294, 131, 110, 132, 133, 134, 136, 139, 140, 481, 189, 141, 147, 144, 106, 150, 151, 152, 405, 403, 154, 25, 60, 227, 156, 7, 157, 240, 158, 388, 193, 159, 166, 298, 145, 168, 169, 429, 170, 186, 173, 174, 175, 160, 176, 177, 299, 180, 164, 182, 181, 155, 378, 184, 149, 427, 187, 190, 195, 196, 198, 199, 360, 105, 214, 201, 260, 202, 226, 452, 203, 191, 397, 204, 491, 205, 207, 493, 365, 336, 208, 209, 146, 210, 462, 213, 215, 216, 218, 96, 220, 221, 222, 223, 225, 211, 371, 228, 230, 231, 305, 232, 272, 333, 372, 456, 235, 237, 238, 212, 241, 245, 402, 252, 253, 234, 138, 255, 363, 432, 256, 254, 278, 273, 257, 259, 261, 246, 460, 263, 415, 264, 265, 266, 244, 121, 268, 269, 271, 295, 275, 53, 296, 276, 277, 279, 109, 281, 161, 282, 461, 65, 284, 185, 285, 286, 289, 291, 475, 120, 337, 297, 283, 115, 411, 313, 242, 449, 179, 81, 301, 90, 302, 303, 304, 458, 307, 309, 310, 162, 288, 16, 314, 250, 318, 319, 320, 437, 48, 321, 471, 322, 102, 325, 386, 379, 328, 330, 30, 331, 46, 42, 5, 335, 410, 338, 339, 340, 368, 341, 148, 344, 348, 352, 183, 354, 200, 326, 355, 356, 357, 350, 358, 270, 364, 97, 247, 366, 367, 369, 370, 500, 91, 47, 376, 380, 361, 79, 381, 188, 351, 229, 63, 383, 384, 71, 385, 387, 57, 248, 329, 101, 311, 389, 391, 433, 392, 393, 394, 395, 343, 398, 114, 345, 399, 400, 327, 404, 377, 178, 406, 18, 332, 408, 55, 409, 153, 413, 414, 390, 217, 417, 418, 419, 420, 34, 421, 422, 36, 22, 423, 425, 197, 428, 430, 312, 346, 435, 135, 236, 424, 438, 267, 439, 290, 434, 440, 317, 443, 445, 142, 412, 262, 446, 73, 448, 316, 165, 450, 77, 454, 455, 45, 459, 463, 464, 465, 466, 468, 224, 469, 470, 239, 56, 473, 476, 474, 487, 482, 483, 21, 251, 362, 486, 488, 478, 9, 489, 233, 194, 492, 495, 12, 496, 497, 293, 219, 143, 4, 407, 324, 


Solución Inicial Lexicographica.
Instancia: ../Taillard/T500_20/t500_20.9.txt - Makespan: 30634 - TotalSecs: 0
1, 2, 3, 4, 5, 6, 7, 8, 9, 10, 11, 12, 13, 14, 15, 16, 17, 18, 19, 20, 21, 22, 23, 24, 25, 26, 27, 28, 29, 30, 31, 32, 33, 34, 35, 36, 37, 38, 39, 40, 41, 42, 43, 44, 45, 46, 47, 48, 49, 50, 51, 52, 53, 54, 55, 56, 57, 58, 59, 60, 61, 62, 63, 64, 65, 66, 67, 68, 69, 70, 71, 72, 73, 74, 75, 76, 77, 78, 79, 80, 81, 82, 83, 84, 85, 86, 87, 88, 89, 90, 91, 92, 93, 94, 95, 96, 97, 98, 99, 100, 101, 102, 103, 104, 105, 106, 107, 108, 109, 110, 111, 112, 113, 114, 115, 116, 117, 118, 119, 120, 121, 122, 123, 124, 125, 126, 127, 128, 129, 130, 131, 132, 133, 134, 135, 136, 137, 138, 139, 140, 141, 142, 143, 144, 145, 146, 147, 148, 149, 150, 151, 152, 153, 154, 155, 156, 157, 158, 159, 160, 161, 162, 163, 164, 165, 166, 167, 168, 169, 170, 171, 172, 173, 174, 175, 176, 177, 178, 179, 180, 181, 182, 183, 184, 185, 186, 187, 188, 189, 190, 191, 192, 193, 194, 195, 196, 197, 198, 199, 200, 201, 202, 203, 204, 205, 206, 207, 208, 209, 210, 211, 212, 213, 214, 215, 216, 217, 218, 219, 220, 221, 222, 223, 224, 225, 226, 227, 228, 229, 230, 231, 232, 233, 234, 235, 236, 237, 238, 239, 240, 241, 242, 243, 244, 245, 246, 247, 248, 249, 250, 251, 252, 253, 254, 255, 256, 257, 258, 259, 260, 261, 262, 263, 264, 265, 266, 267, 268, 269, 270, 271, 272, 273, 274, 275, 276, 277, 278, 279, 280, 281, 282, 283, 284, 285, 286, 287, 288, 289, 290, 291, 292, 293, 294, 295, 296, 297, 298, 299, 300, 301, 302, 303, 304, 305, 306, 307, 308, 309, 310, 311, 312, 313, 314, 315, 316, 317, 318, 319, 320, 321, 322, 323, 324, 325, 326, 327, 328, 329, 330, 331, 332, 333, 334, 335, 336, 337, 338, 339, 340, 341, 342, 343, 344, 345, 346, 347, 348, 349, 350, 351, 352, 353, 354, 355, 356, 357, 358, 359, 360, 361, 362, 363, 364, 365, 366, 367, 368, 369, 370, 371, 372, 373, 374, 375, 376, 377, 378, 379, 380, 381, 382, 383, 384, 385, 386, 387, 388, 389, 390, 391, 392, 393, 394, 395, 396, 397, 398, 399, 400, 401, 402, 403, 404, 405, 406, 407, 408, 409, 410, 411, 412, 413, 414, 415, 416, 417, 418, 419, 420, 421, 422, 423, 424, 425, 426, 427, 428, 429, 430, 431, 432, 433, 434, 435, 436, 437, 438, 439, 440, 441, 442, 443, 444, 445, 446, 447, 448, 449, 450, 451, 452, 453, 454, 455, 456, 457, 458, 459, 460, 461, 462, 463, 464, 465, 466, 467, 468, 469, 470, 471, 472, 473, 474, 475, 476, 477, 478, 479, 480, 481, 482, 483, 484, 485, 486, 487, 488, 489, 490, 491, 492, 493, 494, 495, 496, 497, 498, 499, 500, 


Solución Mejorada (twoOptMove & randomMove).
Instancia: ../Taillard/T500_20/t500_20.9.txt - Makespan: 26962 - TotalSecs: 64.9445
461, 61, 479, 27, 431, 31, 498, 7, 8, 159, 9, 10, 11, 239, 12, 13, 167, 395, 69, 17, 18, 485, 400, 63, 134, 138, 433, 21, 23, 370, 493, 484, 453, 303, 392, 45, 24, 355, 256, 30, 161, 174, 92, 156, 35, 470, 224, 37, 38, 458, 39, 40, 41, 42, 43, 46, 432, 28, 49, 50, 51, 85, 428, 47, 118, 29, 52, 55, 20, 121, 185, 316, 56, 331, 62, 170, 64, 477, 66, 216, 67, 200, 480, 70, 71, 73, 356, 74, 445, 75, 282, 124, 456, 76, 78, 357, 91, 82, 154, 48, 83, 84, 336, 88, 120, 14, 95, 96, 97, 99, 100, 101, 374, 104, 105, 106, 223, 465, 110, 112, 472, 108, 482, 122, 126, 191, 322, 127, 150, 128, 129, 131, 132, 214, 487, 133, 204, 136, 276, 405, 317, 263, 137, 59, 140, 298, 236, 143, 307, 349, 146, 176, 149, 151, 54, 152, 182, 153, 360, 155, 172, 157, 158, 144, 26, 164, 165, 169, 173, 44, 65, 145, 119, 175, 130, 177, 178, 359, 179, 238, 228, 266, 77, 186, 272, 22, 81, 329, 187, 192, 242, 441, 229, 267, 188, 442, 189, 473, 203, 102, 231, 193, 194, 196, 103, 36, 113, 201, 393, 421, 365, 207, 209, 210, 211, 212, 147, 330, 206, 213, 215, 497, 217, 218, 168, 219, 220, 438, 221, 80, 226, 227, 478, 251, 230, 416, 327, 420, 232, 233, 234, 284, 235, 237, 116, 166, 285, 240, 243, 244, 340, 246, 311, 249, 117, 250, 202, 135, 252, 93, 199, 247, 255, 258, 259, 260, 448, 19, 160, 261, 409, 253, 265, 264, 268, 5, 293, 270, 310, 271, 273, 269, 302, 25, 274, 277, 278, 447, 275, 279, 280, 183, 281, 222, 283, 287, 291, 295, 288, 289, 292, 318, 254, 294, 286, 297, 241, 107, 476, 299, 163, 342, 139, 301, 362, 304, 257, 407, 225, 305, 306, 361, 309, 262, 312, 53, 313, 315, 314, 343, 499, 415, 319, 57, 320, 321, 171, 328, 323, 332, 324, 326, 245, 383, 4, 334, 347, 338, 353, 115, 339, 341, 89, 344, 345, 373, 348, 350, 60, 351, 248, 6, 33, 111, 87, 352, 380, 358, 363, 364, 367, 205, 368, 450, 369, 372, 114, 375, 366, 377, 162, 98, 391, 379, 399, 381, 141, 417, 382, 378, 3, 2, 384, 385, 79, 386, 387, 34, 388, 354, 425, 408, 389, 390, 394, 396, 208, 397, 398, 401, 402, 404, 410, 411, 123, 90, 412, 308, 413, 403, 491, 109, 414, 419, 422, 423, 376, 424, 426, 427, 406, 190, 337, 16, 429, 418, 58, 430, 195, 180, 435, 437, 439, 443, 444, 446, 335, 290, 184, 434, 142, 451, 452, 436, 454, 455, 495, 500, 197, 457, 459, 86, 462, 463, 466, 467, 333, 468, 483, 15, 346, 469, 148, 471, 474, 371, 475, 181, 1, 481, 125, 440, 489, 486, 32, 296, 94, 464, 488, 492, 494, 496, 68, 198, 325, 300, 449, 490, 72, 460, 


Solución Inicial Lexicographica.
Instancia: ../Taillard/T500_20/t500_20.10.txt - Makespan: 29092 - TotalSecs: 0
1, 2, 3, 4, 5, 6, 7, 8, 9, 10, 11, 12, 13, 14, 15, 16, 17, 18, 19, 20, 21, 22, 23, 24, 25, 26, 27, 28, 29, 30, 31, 32, 33, 34, 35, 36, 37, 38, 39, 40, 41, 42, 43, 44, 45, 46, 47, 48, 49, 50, 51, 52, 53, 54, 55, 56, 57, 58, 59, 60, 61, 62, 63, 64, 65, 66, 67, 68, 69, 70, 71, 72, 73, 74, 75, 76, 77, 78, 79, 80, 81, 82, 83, 84, 85, 86, 87, 88, 89, 90, 91, 92, 93, 94, 95, 96, 97, 98, 99, 100, 101, 102, 103, 104, 105, 106, 107, 108, 109, 110, 111, 112, 113, 114, 115, 116, 117, 118, 119, 120, 121, 122, 123, 124, 125, 126, 127, 128, 129, 130, 131, 132, 133, 134, 135, 136, 137, 138, 139, 140, 141, 142, 143, 144, 145, 146, 147, 148, 149, 150, 151, 152, 153, 154, 155, 156, 157, 158, 159, 160, 161, 162, 163, 164, 165, 166, 167, 168, 169, 170, 171, 172, 173, 174, 175, 176, 177, 178, 179, 180, 181, 182, 183, 184, 185, 186, 187, 188, 189, 190, 191, 192, 193, 194, 195, 196, 197, 198, 199, 200, 201, 202, 203, 204, 205, 206, 207, 208, 209, 210, 211, 212, 213, 214, 215, 216, 217, 218, 219, 220, 221, 222, 223, 224, 225, 226, 227, 228, 229, 230, 231, 232, 233, 234, 235, 236, 237, 238, 239, 240, 241, 242, 243, 244, 245, 246, 247, 248, 249, 250, 251, 252, 253, 254, 255, 256, 257, 258, 259, 260, 261, 262, 263, 264, 265, 266, 267, 268, 269, 270, 271, 272, 273, 274, 275, 276, 277, 278, 279, 280, 281, 282, 283, 284, 285, 286, 287, 288, 289, 290, 291, 292, 293, 294, 295, 296, 297, 298, 299, 300, 301, 302, 303, 304, 305, 306, 307, 308, 309, 310, 311, 312, 313, 314, 315, 316, 317, 318, 319, 320, 321, 322, 323, 324, 325, 326, 327, 328, 329, 330, 331, 332, 333, 334, 335, 336, 337, 338, 339, 340, 341, 342, 343, 344, 345, 346, 347, 348, 349, 350, 351, 352, 353, 354, 355, 356, 357, 358, 359, 360, 361, 362, 363, 364, 365, 366, 367, 368, 369, 370, 371, 372, 373, 374, 375, 376, 377, 378, 379, 380, 381, 382, 383, 384, 385, 386, 387, 388, 389, 390, 391, 392, 393, 394, 395, 396, 397, 398, 399, 400, 401, 402, 403, 404, 405, 406, 407, 408, 409, 410, 411, 412, 413, 414, 415, 416, 417, 418, 419, 420, 421, 422, 423, 424, 425, 426, 427, 428, 429, 430, 431, 432, 433, 434, 435, 436, 437, 438, 439, 440, 441, 442, 443, 444, 445, 446, 447, 448, 449, 450, 451, 452, 453, 454, 455, 456, 457, 458, 459, 460, 461, 462, 463, 464, 465, 466, 467, 468, 469, 470, 471, 472, 473, 474, 475, 476, 477, 478, 479, 480, 481, 482, 483, 484, 485, 486, 487, 488, 489, 490, 491, 492, 493, 494, 495, 496, 497, 498, 499, 500, 


Solución Mejorada (twoOptMove & randomMove).
Instancia: ../Taillard/T500_20/t500_20.10.txt - Makespan: 26065 - TotalSecs: 64.0986
419, 15, 240, 114, 259, 85, 458, 450, 12, 159, 307, 9, 447, 295, 58, 14, 373, 18, 182, 174, 16, 6, 5, 30, 19, 168, 143, 371, 322, 21, 423, 119, 20, 285, 25, 26, 243, 27, 225, 28, 366, 31, 304, 194, 64, 33, 34, 24, 37, 38, 52, 60, 49, 39, 41, 298, 45, 208, 47, 48, 236, 36, 397, 11, 334, 425, 332, 62, 10, 66, 68, 69, 73, 99, 324, 211, 72, 167, 200, 82, 426, 76, 78, 79, 323, 416, 71, 81, 115, 23, 88, 89, 90, 91, 87, 42, 93, 130, 94, 362, 56, 218, 98, 75, 121, 102, 104, 305, 178, 136, 111, 112, 110, 113, 147, 106, 117, 261, 118, 120, 122, 123, 97, 124, 86, 269, 125, 224, 126, 127, 128, 129, 131, 412, 108, 132, 135, 336, 137, 349, 138, 139, 150, 140, 195, 399, 270, 148, 54, 160, 61, 149, 152, 40, 154, 155, 156, 141, 161, 157, 166, 253, 4, 7, 163, 400, 164, 202, 165, 445, 151, 169, 375, 170, 474, 172, 179, 171, 70, 330, 183, 184, 473, 103, 308, 273, 199, 186, 188, 189, 190, 191, 17, 193, 196, 144, 146, 198, 201, 203, 432, 271, 206, 209, 210, 215, 217, 220, 221, 235, 251, 222, 223, 227, 142, 84, 228, 413, 230, 53, 232, 233, 430, 2, 237, 291, 353, 197, 175, 239, 279, 241, 229, 320, 394, 244, 180, 246, 392, 247, 162, 116, 472, 248, 249, 347, 185, 29, 382, 252, 242, 254, 109, 3, 255, 257, 212, 219, 260, 451, 263, 264, 145, 267, 268, 354, 272, 274, 234, 275, 276, 277, 278, 280, 281, 282, 290, 284, 245, 286, 288, 289, 181, 8, 403, 51, 292, 294, 303, 296, 299, 213, 300, 301, 80, 302, 306, 266, 374, 65, 309, 310, 326, 312, 314, 177, 315, 67, 316, 317, 318, 321, 325, 134, 328, 329, 331, 333, 83, 335, 95, 59, 337, 339, 340, 341, 343, 344, 35, 345, 346, 153, 348, 350, 352, 355, 319, 356, 357, 358, 359, 360, 361, 238, 363, 364, 57, 365, 367, 368, 369, 370, 287, 297, 32, 313, 436, 379, 381, 342, 383, 384, 105, 386, 50, 387, 405, 388, 214, 391, 393, 192, 205, 96, 395, 250, 262, 293, 396, 133, 398, 401, 402, 406, 63, 407, 408, 409, 378, 466, 411, 13, 414, 417, 418, 420, 434, 421, 422, 173, 410, 55, 427, 428, 429, 311, 440, 256, 431, 433, 462, 438, 439, 441, 377, 442, 390, 43, 443, 444, 446, 265, 448, 449, 452, 216, 453, 258, 92, 454, 455, 372, 1, 435, 415, 456, 283, 338, 459, 44, 460, 461, 385, 389, 231, 204, 463, 404, 176, 464, 465, 22, 467, 468, 469, 470, 77, 471, 475, 476, 437, 477, 478, 380, 479, 327, 480, 481, 482, 158, 483, 457, 484, 485, 226, 376, 486, 487, 488, 74, 489, 490, 491, 46, 492, 493, 494, 101, 187, 495, 496, 424, 497, 498, 499, 107, 100, 500, 207, 351, 
