

Solución Inicial Lexicographica.
Instancia: ../Taillard/T500_20/t500_20.1.txt - Makespan: 30121 - TotalSecs: 0
1, 2, 3, 4, 5, 6, 7, 8, 9, 10, 11, 12, 13, 14, 15, 16, 17, 18, 19, 20, 21, 22, 23, 24, 25, 26, 27, 28, 29, 30, 31, 32, 33, 34, 35, 36, 37, 38, 39, 40, 41, 42, 43, 44, 45, 46, 47, 48, 49, 50, 51, 52, 53, 54, 55, 56, 57, 58, 59, 60, 61, 62, 63, 64, 65, 66, 67, 68, 69, 70, 71, 72, 73, 74, 75, 76, 77, 78, 79, 80, 81, 82, 83, 84, 85, 86, 87, 88, 89, 90, 91, 92, 93, 94, 95, 96, 97, 98, 99, 100, 101, 102, 103, 104, 105, 106, 107, 108, 109, 110, 111, 112, 113, 114, 115, 116, 117, 118, 119, 120, 121, 122, 123, 124, 125, 126, 127, 128, 129, 130, 131, 132, 133, 134, 135, 136, 137, 138, 139, 140, 141, 142, 143, 144, 145, 146, 147, 148, 149, 150, 151, 152, 153, 154, 155, 156, 157, 158, 159, 160, 161, 162, 163, 164, 165, 166, 167, 168, 169, 170, 171, 172, 173, 174, 175, 176, 177, 178, 179, 180, 181, 182, 183, 184, 185, 186, 187, 188, 189, 190, 191, 192, 193, 194, 195, 196, 197, 198, 199, 200, 201, 202, 203, 204, 205, 206, 207, 208, 209, 210, 211, 212, 213, 214, 215, 216, 217, 218, 219, 220, 221, 222, 223, 224, 225, 226, 227, 228, 229, 230, 231, 232, 233, 234, 235, 236, 237, 238, 239, 240, 241, 242, 243, 244, 245, 246, 247, 248, 249, 250, 251, 252, 253, 254, 255, 256, 257, 258, 259, 260, 261, 262, 263, 264, 265, 266, 267, 268, 269, 270, 271, 272, 273, 274, 275, 276, 277, 278, 279, 280, 281, 282, 283, 284, 285, 286, 287, 288, 289, 290, 291, 292, 293, 294, 295, 296, 297, 298, 299, 300, 301, 302, 303, 304, 305, 306, 307, 308, 309, 310, 311, 312, 313, 314, 315, 316, 317, 318, 319, 320, 321, 322, 323, 324, 325, 326, 327, 328, 329, 330, 331, 332, 333, 334, 335, 336, 337, 338, 339, 340, 341, 342, 343, 344, 345, 346, 347, 348, 349, 350, 351, 352, 353, 354, 355, 356, 357, 358, 359, 360, 361, 362, 363, 364, 365, 366, 367, 368, 369, 370, 371, 372, 373, 374, 375, 376, 377, 378, 379, 380, 381, 382, 383, 384, 385, 386, 387, 388, 389, 390, 391, 392, 393, 394, 395, 396, 397, 398, 399, 400, 401, 402, 403, 404, 405, 406, 407, 408, 409, 410, 411, 412, 413, 414, 415, 416, 417, 418, 419, 420, 421, 422, 423, 424, 425, 426, 427, 428, 429, 430, 431, 432, 433, 434, 435, 436, 437, 438, 439, 440, 441, 442, 443, 444, 445, 446, 447, 448, 449, 450, 451, 452, 453, 454, 455, 456, 457, 458, 459, 460, 461, 462, 463, 464, 465, 466, 467, 468, 469, 470, 471, 472, 473, 474, 475, 476, 477, 478, 479, 480, 481, 482, 483, 484, 485, 486, 487, 488, 489, 490, 491, 492, 493, 494, 495, 496, 497, 498, 499, 500, 


Solución Mejorada (twoOptMove & randomMove).
Instancia: ../Taillard/T500_20/t500_20.1.txt - Makespan: 27473 - TotalSecs: 12.7821
1, 288, 431, 2, 4, 5, 7, 8, 347, 9, 129, 10, 11, 485, 12, 14, 16, 17, 344, 18, 20, 59, 405, 22, 24, 26, 158, 474, 460, 28, 29, 184, 31, 35, 36, 496, 39, 145, 397, 106, 42, 44, 104, 46, 99, 47, 48, 116, 49, 51, 33, 74, 53, 98, 293, 55, 109, 56, 57, 58, 23, 60, 62, 66, 68, 443, 486, 69, 70, 342, 34, 189, 73, 45, 76, 187, 77, 79, 80, 82, 84, 88, 90, 91, 92, 93, 78, 96, 97, 438, 100, 101, 322, 102, 25, 41, 105, 107, 494, 108, 140, 110, 111, 127, 113, 282, 117, 120, 121, 124, 182, 125, 126, 75, 387, 128, 67, 259, 172, 130, 131, 132, 134, 266, 61, 137, 146, 138, 141, 407, 142, 296, 54, 152, 143, 148, 149, 150, 151, 319, 43, 153, 86, 159, 161, 162, 50, 163, 164, 165, 166, 167, 168, 169, 170, 457, 209, 171, 174, 177, 123, 178, 179, 180, 181, 377, 183, 412, 358, 186, 312, 160, 188, 139, 190, 452, 3, 192, 316, 193, 269, 255, 195, 196, 197, 201, 202, 136, 203, 446, 206, 207, 208, 211, 212, 213, 214, 216, 374, 217, 218, 221, 500, 222, 147, 157, 223, 226, 198, 200, 227, 154, 229, 230, 315, 231, 219, 185, 232, 233, 234, 122, 235, 236, 237, 238, 331, 225, 239, 240, 241, 243, 245, 246, 251, 242, 252, 253, 257, 261, 263, 424, 408, 264, 265, 71, 267, 268, 402, 156, 270, 191, 271, 272, 21, 64, 13, 274, 275, 276, 277, 278, 279, 280, 173, 133, 297, 409, 284, 285, 286, 287, 323, 176, 38, 210, 289, 295, 394, 298, 299, 300, 15, 301, 135, 367, 302, 85, 283, 303, 304, 398, 306, 307, 436, 333, 384, 310, 311, 72, 314, 256, 317, 320, 321, 324, 325, 326, 327, 328, 204, 329, 330, 428, 334, 335, 487, 336, 95, 337, 338, 340, 341, 349, 343, 345, 346, 470, 291, 350, 351, 476, 352, 353, 354, 215, 332, 355, 94, 356, 357, 359, 313, 360, 361, 318, 362, 258, 262, 309, 89, 364, 115, 365, 368, 369, 370, 371, 119, 254, 372, 373, 247, 375, 376, 378, 87, 379, 380, 381, 382, 461, 383, 294, 385, 386, 83, 390, 392, 393, 395, 363, 396, 399, 400, 348, 228, 401, 403, 404, 290, 406, 6, 410, 411, 413, 414, 199, 308, 416, 388, 417, 27, 432, 418, 419, 420, 391, 421, 248, 422, 423, 292, 415, 224, 425, 426, 427, 114, 37, 175, 429, 430, 433, 305, 434, 435, 155, 448, 19, 81, 65, 439, 440, 441, 442, 444, 30, 447, 450, 453, 437, 449, 454, 260, 455, 40, 456, 499, 250, 498, 458, 220, 32, 462, 463, 464, 445, 63, 451, 465, 466, 467, 468, 469, 194, 471, 52, 472, 473, 477, 478, 205, 103, 479, 480, 481, 482, 483, 112, 488, 489, 459, 144, 281, 490, 491, 492, 366, 249, 493, 339, 475, 495, 118, 497, 389, 484, 273, 244, 


Solución Inicial Lexicographica.
Instancia: ../Taillard/T500_20/t500_20.2.txt - Makespan: 31202 - TotalSecs: 0
1, 2, 3, 4, 5, 6, 7, 8, 9, 10, 11, 12, 13, 14, 15, 16, 17, 18, 19, 20, 21, 22, 23, 24, 25, 26, 27, 28, 29, 30, 31, 32, 33, 34, 35, 36, 37, 38, 39, 40, 41, 42, 43, 44, 45, 46, 47, 48, 49, 50, 51, 52, 53, 54, 55, 56, 57, 58, 59, 60, 61, 62, 63, 64, 65, 66, 67, 68, 69, 70, 71, 72, 73, 74, 75, 76, 77, 78, 79, 80, 81, 82, 83, 84, 85, 86, 87, 88, 89, 90, 91, 92, 93, 94, 95, 96, 97, 98, 99, 100, 101, 102, 103, 104, 105, 106, 107, 108, 109, 110, 111, 112, 113, 114, 115, 116, 117, 118, 119, 120, 121, 122, 123, 124, 125, 126, 127, 128, 129, 130, 131, 132, 133, 134, 135, 136, 137, 138, 139, 140, 141, 142, 143, 144, 145, 146, 147, 148, 149, 150, 151, 152, 153, 154, 155, 156, 157, 158, 159, 160, 161, 162, 163, 164, 165, 166, 167, 168, 169, 170, 171, 172, 173, 174, 175, 176, 177, 178, 179, 180, 181, 182, 183, 184, 185, 186, 187, 188, 189, 190, 191, 192, 193, 194, 195, 196, 197, 198, 199, 200, 201, 202, 203, 204, 205, 206, 207, 208, 209, 210, 211, 212, 213, 214, 215, 216, 217, 218, 219, 220, 221, 222, 223, 224, 225, 226, 227, 228, 229, 230, 231, 232, 233, 234, 235, 236, 237, 238, 239, 240, 241, 242, 243, 244, 245, 246, 247, 248, 249, 250, 251, 252, 253, 254, 255, 256, 257, 258, 259, 260, 261, 262, 263, 264, 265, 266, 267, 268, 269, 270, 271, 272, 273, 274, 275, 276, 277, 278, 279, 280, 281, 282, 283, 284, 285, 286, 287, 288, 289, 290, 291, 292, 293, 294, 295, 296, 297, 298, 299, 300, 301, 302, 303, 304, 305, 306, 307, 308, 309, 310, 311, 312, 313, 314, 315, 316, 317, 318, 319, 320, 321, 322, 323, 324, 325, 326, 327, 328, 329, 330, 331, 332, 333, 334, 335, 336, 337, 338, 339, 340, 341, 342, 343, 344, 345, 346, 347, 348, 349, 350, 351, 352, 353, 354, 355, 356, 357, 358, 359, 360, 361, 362, 363, 364, 365, 366, 367, 368, 369, 370, 371, 372, 373, 374, 375, 376, 377, 378, 379, 380, 381, 382, 383, 384, 385, 386, 387, 388, 389, 390, 391, 392, 393, 394, 395, 396, 397, 398, 399, 400, 401, 402, 403, 404, 405, 406, 407, 408, 409, 410, 411, 412, 413, 414, 415, 416, 417, 418, 419, 420, 421, 422, 423, 424, 425, 426, 427, 428, 429, 430, 431, 432, 433, 434, 435, 436, 437, 438, 439, 440, 441, 442, 443, 444, 445, 446, 447, 448, 449, 450, 451, 452, 453, 454, 455, 456, 457, 458, 459, 460, 461, 462, 463, 464, 465, 466, 467, 468, 469, 470, 471, 472, 473, 474, 475, 476, 477, 478, 479, 480, 481, 482, 483, 484, 485, 486, 487, 488, 489, 490, 491, 492, 493, 494, 495, 496, 497, 498, 499, 500, 


Solución Mejorada (twoOptMove & randomMove).
Instancia: ../Taillard/T500_20/t500_20.2.txt - Makespan: 28022 - TotalSecs: 12.8063
1, 2, 137, 4, 498, 118, 192, 7, 8, 9, 481, 439, 79, 10, 12, 13, 257, 14, 173, 16, 66, 18, 133, 19, 20, 21, 26, 28, 399, 29, 32, 203, 33, 450, 434, 36, 37, 49, 38, 39, 210, 40, 41, 42, 45, 46, 90, 62, 50, 52, 54, 55, 57, 58, 59, 60, 365, 61, 313, 47, 490, 65, 214, 68, 25, 69, 282, 70, 71, 73, 74, 75, 76, 243, 78, 145, 124, 421, 24, 340, 80, 81, 82, 185, 146, 464, 83, 84, 85, 88, 89, 471, 92, 93, 94, 95, 97, 98, 499, 366, 100, 101, 102, 202, 151, 105, 423, 108, 110, 111, 112, 468, 104, 456, 113, 51, 114, 117, 211, 488, 252, 122, 123, 125, 126, 127, 128, 382, 197, 130, 131, 96, 228, 134, 135, 184, 136, 388, 270, 139, 140, 141, 338, 272, 142, 360, 144, 437, 442, 132, 148, 149, 150, 431, 164, 494, 153, 91, 154, 156, 15, 157, 158, 161, 491, 162, 163, 497, 309, 165, 379, 247, 166, 167, 168, 169, 170, 171, 227, 172, 413, 174, 175, 177, 178, 120, 274, 179, 180, 181, 182, 56, 183, 152, 186, 187, 264, 190, 191, 193, 194, 195, 103, 196, 198, 235, 107, 199, 200, 189, 322, 201, 204, 206, 208, 281, 212, 213, 72, 215, 218, 393, 30, 219, 220, 221, 266, 222, 223, 160, 226, 119, 350, 470, 333, 87, 44, 106, 451, 230, 231, 232, 234, 236, 237, 238, 233, 239, 241, 242, 245, 224, 205, 248, 229, 249, 318, 176, 250, 251, 378, 138, 253, 280, 254, 255, 244, 256, 259, 260, 345, 121, 262, 263, 265, 361, 320, 240, 269, 474, 273, 17, 275, 276, 466, 277, 278, 279, 359, 207, 283, 284, 27, 285, 308, 287, 288, 289, 290, 291, 292, 293, 23, 22, 295, 297, 425, 115, 298, 461, 299, 302, 303, 305, 306, 307, 99, 329, 310, 311, 314, 330, 315, 77, 316, 43, 317, 449, 143, 319, 407, 321, 300, 323, 324, 325, 326, 159, 327, 328, 268, 426, 331, 336, 286, 334, 478, 301, 267, 335, 258, 337, 396, 339, 341, 342, 48, 64, 343, 344, 346, 347, 348, 374, 377, 31, 351, 352, 353, 433, 354, 432, 355, 356, 357, 358, 363, 209, 364, 294, 367, 368, 370, 373, 332, 35, 375, 372, 376, 380, 381, 383, 384, 387, 389, 480, 390, 391, 392, 394, 395, 397, 398, 386, 402, 304, 401, 404, 405, 406, 408, 409, 410, 86, 411, 412, 452, 67, 414, 415, 417, 5, 34, 418, 53, 420, 371, 422, 424, 427, 312, 492, 416, 428, 429, 109, 430, 435, 436, 438, 3, 440, 441, 445, 400, 443, 444, 446, 447, 486, 448, 403, 453, 454, 216, 455, 457, 459, 217, 460, 462, 463, 225, 465, 129, 467, 155, 469, 472, 473, 475, 476, 477, 479, 349, 246, 482, 385, 484, 63, 485, 487, 489, 458, 496, 296, 6, 493, 483, 419, 495, 11, 188, 362, 271, 500, 261, 147, 369, 116, 


Solución Inicial Lexicographica.
Instancia: ../Taillard/T500_20/t500_20.3.txt - Makespan: 29406 - TotalSecs: 0
1, 2, 3, 4, 5, 6, 7, 8, 9, 10, 11, 12, 13, 14, 15, 16, 17, 18, 19, 20, 21, 22, 23, 24, 25, 26, 27, 28, 29, 30, 31, 32, 33, 34, 35, 36, 37, 38, 39, 40, 41, 42, 43, 44, 45, 46, 47, 48, 49, 50, 51, 52, 53, 54, 55, 56, 57, 58, 59, 60, 61, 62, 63, 64, 65, 66, 67, 68, 69, 70, 71, 72, 73, 74, 75, 76, 77, 78, 79, 80, 81, 82, 83, 84, 85, 86, 87, 88, 89, 90, 91, 92, 93, 94, 95, 96, 97, 98, 99, 100, 101, 102, 103, 104, 105, 106, 107, 108, 109, 110, 111, 112, 113, 114, 115, 116, 117, 118, 119, 120, 121, 122, 123, 124, 125, 126, 127, 128, 129, 130, 131, 132, 133, 134, 135, 136, 137, 138, 139, 140, 141, 142, 143, 144, 145, 146, 147, 148, 149, 150, 151, 152, 153, 154, 155, 156, 157, 158, 159, 160, 161, 162, 163, 164, 165, 166, 167, 168, 169, 170, 171, 172, 173, 174, 175, 176, 177, 178, 179, 180, 181, 182, 183, 184, 185, 186, 187, 188, 189, 190, 191, 192, 193, 194, 195, 196, 197, 198, 199, 200, 201, 202, 203, 204, 205, 206, 207, 208, 209, 210, 211, 212, 213, 214, 215, 216, 217, 218, 219, 220, 221, 222, 223, 224, 225, 226, 227, 228, 229, 230, 231, 232, 233, 234, 235, 236, 237, 238, 239, 240, 241, 242, 243, 244, 245, 246, 247, 248, 249, 250, 251, 252, 253, 254, 255, 256, 257, 258, 259, 260, 261, 262, 263, 264, 265, 266, 267, 268, 269, 270, 271, 272, 273, 274, 275, 276, 277, 278, 279, 280, 281, 282, 283, 284, 285, 286, 287, 288, 289, 290, 291, 292, 293, 294, 295, 296, 297, 298, 299, 300, 301, 302, 303, 304, 305, 306, 307, 308, 309, 310, 311, 312, 313, 314, 315, 316, 317, 318, 319, 320, 321, 322, 323, 324, 325, 326, 327, 328, 329, 330, 331, 332, 333, 334, 335, 336, 337, 338, 339, 340, 341, 342, 343, 344, 345, 346, 347, 348, 349, 350, 351, 352, 353, 354, 355, 356, 357, 358, 359, 360, 361, 362, 363, 364, 365, 366, 367, 368, 369, 370, 371, 372, 373, 374, 375, 376, 377, 378, 379, 380, 381, 382, 383, 384, 385, 386, 387, 388, 389, 390, 391, 392, 393, 394, 395, 396, 397, 398, 399, 400, 401, 402, 403, 404, 405, 406, 407, 408, 409, 410, 411, 412, 413, 414, 415, 416, 417, 418, 419, 420, 421, 422, 423, 424, 425, 426, 427, 428, 429, 430, 431, 432, 433, 434, 435, 436, 437, 438, 439, 440, 441, 442, 443, 444, 445, 446, 447, 448, 449, 450, 451, 452, 453, 454, 455, 456, 457, 458, 459, 460, 461, 462, 463, 464, 465, 466, 467, 468, 469, 470, 471, 472, 473, 474, 475, 476, 477, 478, 479, 480, 481, 482, 483, 484, 485, 486, 487, 488, 489, 490, 491, 492, 493, 494, 495, 496, 497, 498, 499, 500, 


Solución Mejorada (twoOptMove & randomMove).
Instancia: ../Taillard/T500_20/t500_20.3.txt - Makespan: 26160 - TotalSecs: 12.6869
181, 311, 404, 1, 3, 7, 285, 114, 444, 398, 10, 245, 460, 13, 313, 390, 421, 16, 17, 20, 19, 243, 387, 21, 22, 452, 24, 25, 287, 30, 26, 27, 354, 28, 463, 31, 32, 162, 35, 36, 37, 456, 41, 415, 302, 43, 44, 449, 149, 46, 391, 53, 54, 247, 55, 56, 57, 58, 59, 60, 62, 63, 156, 154, 40, 14, 64, 65, 434, 286, 221, 470, 91, 424, 93, 72, 73, 350, 66, 74, 160, 383, 76, 50, 319, 288, 77, 78, 475, 79, 80, 81, 372, 131, 218, 458, 459, 82, 85, 71, 368, 110, 86, 87, 216, 238, 88, 89, 112, 90, 92, 96, 98, 99, 234, 220, 438, 325, 380, 341, 252, 51, 437, 103, 105, 151, 106, 107, 108, 109, 111, 264, 115, 116, 117, 118, 119, 120, 464, 413, 122, 100, 471, 123, 49, 407, 125, 323, 129, 121, 273, 130, 132, 293, 297, 164, 450, 136, 140, 141, 142, 34, 143, 146, 147, 148, 23, 152, 153, 432, 155, 159, 157, 158, 161, 33, 198, 163, 165, 166, 167, 168, 169, 75, 171, 201, 177, 178, 179, 182, 378, 294, 97, 170, 184, 48, 187, 188, 189, 454, 191, 192, 400, 193, 195, 196, 199, 200, 134, 261, 202, 203, 248, 204, 356, 206, 207, 208, 39, 209, 226, 210, 5, 126, 212, 214, 176, 468, 101, 215, 217, 12, 219, 222, 47, 327, 223, 284, 224, 225, 227, 83, 228, 253, 229, 230, 138, 232, 231, 139, 384, 2, 236, 240, 241, 239, 246, 249, 251, 42, 254, 213, 255, 257, 260, 174, 326, 173, 265, 267, 353, 269, 403, 270, 102, 150, 276, 175, 272, 274, 237, 275, 277, 320, 279, 281, 197, 283, 258, 474, 6, 301, 289, 290, 357, 268, 291, 292, 113, 211, 295, 296, 298, 446, 186, 303, 304, 386, 305, 307, 308, 309, 312, 314, 315, 271, 316, 317, 250, 348, 318, 321, 322, 29, 324, 339, 328, 329, 330, 331, 332, 345, 360, 4, 333, 334, 335, 369, 336, 128, 371, 337, 338, 104, 425, 392, 427, 340, 342, 343, 180, 282, 344, 346, 347, 61, 349, 351, 358, 359, 361, 362, 363, 190, 280, 364, 365, 443, 366, 367, 448, 370, 94, 373, 375, 376, 377, 379, 352, 11, 385, 45, 256, 69, 235, 389, 205, 183, 310, 393, 263, 394, 396, 382, 259, 397, 9, 262, 399, 233, 401, 402, 405, 194, 406, 68, 124, 409, 410, 411, 412, 414, 127, 455, 416, 436, 417, 145, 300, 418, 419, 244, 420, 422, 423, 144, 95, 426, 428, 429, 430, 431, 433, 306, 435, 135, 70, 440, 441, 266, 442, 445, 355, 408, 447, 451, 453, 172, 18, 388, 185, 38, 52, 439, 462, 465, 466, 467, 299, 469, 472, 473, 242, 476, 457, 477, 478, 479, 461, 395, 480, 481, 278, 15, 482, 483, 381, 484, 485, 486, 374, 8, 487, 488, 489, 490, 491, 492, 493, 494, 133, 495, 84, 496, 497, 498, 499, 500, 67, 137, 


Solución Inicial Lexicographica.
Instancia: ../Taillard/T500_20/t500_20.4.txt - Makespan: 30355 - TotalSecs: 0
1, 2, 3, 4, 5, 6, 7, 8, 9, 10, 11, 12, 13, 14, 15, 16, 17, 18, 19, 20, 21, 22, 23, 24, 25, 26, 27, 28, 29, 30, 31, 32, 33, 34, 35, 36, 37, 38, 39, 40, 41, 42, 43, 44, 45, 46, 47, 48, 49, 50, 51, 52, 53, 54, 55, 56, 57, 58, 59, 60, 61, 62, 63, 64, 65, 66, 67, 68, 69, 70, 71, 72, 73, 74, 75, 76, 77, 78, 79, 80, 81, 82, 83, 84, 85, 86, 87, 88, 89, 90, 91, 92, 93, 94, 95, 96, 97, 98, 99, 100, 101, 102, 103, 104, 105, 106, 107, 108, 109, 110, 111, 112, 113, 114, 115, 116, 117, 118, 119, 120, 121, 122, 123, 124, 125, 126, 127, 128, 129, 130, 131, 132, 133, 134, 135, 136, 137, 138, 139, 140, 141, 142, 143, 144, 145, 146, 147, 148, 149, 150, 151, 152, 153, 154, 155, 156, 157, 158, 159, 160, 161, 162, 163, 164, 165, 166, 167, 168, 169, 170, 171, 172, 173, 174, 175, 176, 177, 178, 179, 180, 181, 182, 183, 184, 185, 186, 187, 188, 189, 190, 191, 192, 193, 194, 195, 196, 197, 198, 199, 200, 201, 202, 203, 204, 205, 206, 207, 208, 209, 210, 211, 212, 213, 214, 215, 216, 217, 218, 219, 220, 221, 222, 223, 224, 225, 226, 227, 228, 229, 230, 231, 232, 233, 234, 235, 236, 237, 238, 239, 240, 241, 242, 243, 244, 245, 246, 247, 248, 249, 250, 251, 252, 253, 254, 255, 256, 257, 258, 259, 260, 261, 262, 263, 264, 265, 266, 267, 268, 269, 270, 271, 272, 273, 274, 275, 276, 277, 278, 279, 280, 281, 282, 283, 284, 285, 286, 287, 288, 289, 290, 291, 292, 293, 294, 295, 296, 297, 298, 299, 300, 301, 302, 303, 304, 305, 306, 307, 308, 309, 310, 311, 312, 313, 314, 315, 316, 317, 318, 319, 320, 321, 322, 323, 324, 325, 326, 327, 328, 329, 330, 331, 332, 333, 334, 335, 336, 337, 338, 339, 340, 341, 342, 343, 344, 345, 346, 347, 348, 349, 350, 351, 352, 353, 354, 355, 356, 357, 358, 359, 360, 361, 362, 363, 364, 365, 366, 367, 368, 369, 370, 371, 372, 373, 374, 375, 376, 377, 378, 379, 380, 381, 382, 383, 384, 385, 386, 387, 388, 389, 390, 391, 392, 393, 394, 395, 396, 397, 398, 399, 400, 401, 402, 403, 404, 405, 406, 407, 408, 409, 410, 411, 412, 413, 414, 415, 416, 417, 418, 419, 420, 421, 422, 423, 424, 425, 426, 427, 428, 429, 430, 431, 432, 433, 434, 435, 436, 437, 438, 439, 440, 441, 442, 443, 444, 445, 446, 447, 448, 449, 450, 451, 452, 453, 454, 455, 456, 457, 458, 459, 460, 461, 462, 463, 464, 465, 466, 467, 468, 469, 470, 471, 472, 473, 474, 475, 476, 477, 478, 479, 480, 481, 482, 483, 484, 485, 486, 487, 488, 489, 490, 491, 492, 493, 494, 495, 496, 497, 498, 499, 500, 


Solución Mejorada (twoOptMove & randomMove).
Instancia: ../Taillard/T500_20/t500_20.4.txt - Makespan: 27611 - TotalSecs: 12.6452
424, 67, 1, 421, 448, 2, 3, 4, 151, 5, 7, 8, 10, 11, 289, 172, 409, 15, 226, 17, 18, 19, 251, 21, 23, 433, 24, 213, 25, 26, 27, 28, 30, 31, 32, 446, 484, 33, 34, 36, 69, 359, 37, 35, 39, 56, 40, 41, 210, 42, 43, 406, 498, 44, 45, 47, 422, 49, 50, 442, 386, 38, 165, 55, 9, 57, 59, 84, 263, 174, 60, 203, 61, 53, 62, 63, 65, 66, 112, 68, 464, 71, 343, 117, 170, 72, 73, 330, 75, 77, 78, 102, 22, 80, 82, 54, 83, 85, 140, 86, 81, 120, 88, 89, 91, 92, 93, 95, 98, 99, 100, 29, 329, 20, 256, 103, 101, 104, 105, 106, 109, 110, 237, 125, 113, 404, 114, 197, 115, 118, 119, 121, 123, 124, 127, 128, 129, 130, 181, 474, 131, 132, 412, 133, 485, 107, 134, 135, 136, 137, 408, 138, 169, 142, 143, 294, 144, 146, 147, 149, 152, 176, 153, 155, 156, 158, 159, 160, 177, 161, 162, 154, 166, 167, 200, 171, 187, 234, 178, 180, 183, 184, 185, 141, 186, 157, 190, 97, 366, 191, 192, 195, 196, 198, 255, 265, 199, 288, 201, 202, 204, 51, 205, 14, 209, 211, 212, 215, 216, 206, 218, 217, 327, 214, 219, 220, 221, 13, 222, 223, 164, 225, 227, 230, 231, 481, 316, 368, 122, 268, 232, 431, 235, 194, 236, 238, 470, 239, 6, 478, 318, 286, 240, 295, 252, 241, 244, 274, 245, 150, 247, 371, 250, 253, 249, 419, 254, 233, 479, 258, 259, 260, 261, 111, 173, 346, 266, 267, 270, 271, 272, 273, 116, 275, 455, 297, 276, 277, 278, 279, 280, 281, 351, 282, 429, 283, 126, 284, 182, 285, 287, 290, 291, 420, 292, 189, 293, 163, 494, 296, 298, 452, 262, 108, 299, 300, 229, 301, 264, 302, 303, 305, 454, 306, 307, 447, 308, 309, 310, 488, 145, 312, 313, 345, 314, 242, 315, 317, 394, 325, 90, 378, 320, 76, 321, 425, 322, 323, 12, 208, 496, 324, 326, 52, 328, 70, 331, 332, 333, 257, 493, 469, 139, 148, 335, 336, 337, 319, 338, 339, 340, 341, 342, 344, 363, 58, 347, 348, 352, 246, 87, 354, 355, 356, 357, 304, 360, 361, 94, 373, 362, 364, 365, 367, 370, 500, 372, 374, 375, 376, 377, 379, 380, 269, 413, 64, 381, 382, 383, 384, 385, 387, 349, 388, 390, 460, 391, 392, 403, 395, 397, 398, 399, 400, 334, 401, 402, 405, 407, 410, 74, 411, 228, 415, 416, 417, 418, 188, 423, 353, 248, 389, 426, 428, 179, 472, 430, 432, 414, 434, 435, 96, 436, 438, 440, 427, 443, 444, 445, 449, 450, 451, 396, 453, 456, 457, 175, 458, 224, 459, 461, 462, 243, 311, 465, 466, 467, 16, 463, 468, 168, 48, 471, 369, 393, 473, 475, 476, 477, 480, 437, 439, 482, 350, 46, 483, 487, 358, 486, 489, 490, 491, 492, 441, 193, 495, 207, 497, 79, 499, 


Solución Inicial Lexicographica.
Instancia: ../Taillard/T500_20/t500_20.5.txt - Makespan: 30099 - TotalSecs: 0
1, 2, 3, 4, 5, 6, 7, 8, 9, 10, 11, 12, 13, 14, 15, 16, 17, 18, 19, 20, 21, 22, 23, 24, 25, 26, 27, 28, 29, 30, 31, 32, 33, 34, 35, 36, 37, 38, 39, 40, 41, 42, 43, 44, 45, 46, 47, 48, 49, 50, 51, 52, 53, 54, 55, 56, 57, 58, 59, 60, 61, 62, 63, 64, 65, 66, 67, 68, 69, 70, 71, 72, 73, 74, 75, 76, 77, 78, 79, 80, 81, 82, 83, 84, 85, 86, 87, 88, 89, 90, 91, 92, 93, 94, 95, 96, 97, 98, 99, 100, 101, 102, 103, 104, 105, 106, 107, 108, 109, 110, 111, 112, 113, 114, 115, 116, 117, 118, 119, 120, 121, 122, 123, 124, 125, 126, 127, 128, 129, 130, 131, 132, 133, 134, 135, 136, 137, 138, 139, 140, 141, 142, 143, 144, 145, 146, 147, 148, 149, 150, 151, 152, 153, 154, 155, 156, 157, 158, 159, 160, 161, 162, 163, 164, 165, 166, 167, 168, 169, 170, 171, 172, 173, 174, 175, 176, 177, 178, 179, 180, 181, 182, 183, 184, 185, 186, 187, 188, 189, 190, 191, 192, 193, 194, 195, 196, 197, 198, 199, 200, 201, 202, 203, 204, 205, 206, 207, 208, 209, 210, 211, 212, 213, 214, 215, 216, 217, 218, 219, 220, 221, 222, 223, 224, 225, 226, 227, 228, 229, 230, 231, 232, 233, 234, 235, 236, 237, 238, 239, 240, 241, 242, 243, 244, 245, 246, 247, 248, 249, 250, 251, 252, 253, 254, 255, 256, 257, 258, 259, 260, 261, 262, 263, 264, 265, 266, 267, 268, 269, 270, 271, 272, 273, 274, 275, 276, 277, 278, 279, 280, 281, 282, 283, 284, 285, 286, 287, 288, 289, 290, 291, 292, 293, 294, 295, 296, 297, 298, 299, 300, 301, 302, 303, 304, 305, 306, 307, 308, 309, 310, 311, 312, 313, 314, 315, 316, 317, 318, 319, 320, 321, 322, 323, 324, 325, 326, 327, 328, 329, 330, 331, 332, 333, 334, 335, 336, 337, 338, 339, 340, 341, 342, 343, 344, 345, 346, 347, 348, 349, 350, 351, 352, 353, 354, 355, 356, 357, 358, 359, 360, 361, 362, 363, 364, 365, 366, 367, 368, 369, 370, 371, 372, 373, 374, 375, 376, 377, 378, 379, 380, 381, 382, 383, 384, 385, 386, 387, 388, 389, 390, 391, 392, 393, 394, 395, 396, 397, 398, 399, 400, 401, 402, 403, 404, 405, 406, 407, 408, 409, 410, 411, 412, 413, 414, 415, 416, 417, 418, 419, 420, 421, 422, 423, 424, 425, 426, 427, 428, 429, 430, 431, 432, 433, 434, 435, 436, 437, 438, 439, 440, 441, 442, 443, 444, 445, 446, 447, 448, 449, 450, 451, 452, 453, 454, 455, 456, 457, 458, 459, 460, 461, 462, 463, 464, 465, 466, 467, 468, 469, 470, 471, 472, 473, 474, 475, 476, 477, 478, 479, 480, 481, 482, 483, 484, 485, 486, 487, 488, 489, 490, 491, 492, 493, 494, 495, 496, 497, 498, 499, 500, 


Solución Mejorada (twoOptMove & randomMove).
Instancia: ../Taillard/T500_20/t500_20.5.txt - Makespan: 27542 - TotalSecs: 13.0094
102, 1, 2, 3, 5, 7, 344, 36, 483, 327, 390, 13, 14, 16, 299, 17, 316, 18, 19, 20, 21, 35, 22, 274, 25, 28, 219, 358, 81, 368, 30, 31, 249, 32, 480, 8, 132, 34, 38, 39, 40, 43, 44, 45, 48, 191, 49, 50, 406, 51, 57, 339, 443, 52, 248, 412, 258, 55, 67, 56, 58, 64, 314, 61, 226, 206, 62, 178, 467, 63, 41, 281, 65, 433, 66, 168, 68, 70, 315, 379, 76, 77, 440, 78, 359, 79, 80, 158, 193, 233, 82, 83, 84, 87, 88, 89, 11, 300, 362, 378, 94, 333, 127, 95, 96, 98, 100, 101, 103, 212, 411, 360, 104, 93, 105, 257, 106, 108, 109, 407, 110, 111, 113, 114, 116, 118, 119, 129, 120, 121, 124, 125, 369, 126, 194, 131, 135, 494, 136, 137, 139, 140, 141, 161, 143, 188, 144, 288, 172, 97, 492, 464, 145, 192, 147, 148, 150, 151, 85, 159, 153, 156, 12, 157, 160, 271, 375, 115, 162, 107, 163, 381, 46, 164, 165, 154, 252, 166, 167, 169, 128, 171, 173, 174, 231, 177, 259, 179, 86, 183, 185, 186, 263, 187, 190, 195, 196, 184, 320, 198, 415, 200, 201, 202, 203, 204, 155, 298, 205, 90, 122, 208, 347, 189, 210, 26, 211, 213, 308, 214, 6, 216, 176, 496, 59, 217, 289, 218, 220, 221, 152, 224, 227, 228, 332, 230, 232, 112, 234, 235, 386, 236, 237, 238, 225, 239, 240, 241, 242, 244, 246, 247, 322, 448, 138, 250, 222, 269, 27, 251, 253, 255, 261, 256, 260, 117, 262, 265, 92, 268, 130, 270, 272, 293, 275, 133, 37, 180, 276, 54, 277, 278, 279, 280, 282, 283, 284, 285, 264, 287, 297, 305, 290, 426, 291, 435, 292, 182, 294, 296, 420, 207, 267, 301, 302, 303, 414, 307, 309, 310, 311, 312, 313, 317, 134, 318, 321, 324, 326, 245, 328, 329, 465, 330, 273, 331, 334, 335, 336, 337, 340, 146, 342, 343, 181, 346, 388, 348, 69, 345, 349, 350, 398, 351, 353, 354, 355, 356, 357, 266, 361, 365, 366, 367, 370, 371, 372, 73, 374, 142, 123, 377, 380, 382, 383, 385, 387, 389, 91, 71, 229, 373, 47, 391, 392, 338, 393, 363, 394, 395, 170, 396, 4, 209, 72, 399, 400, 401, 403, 404, 405, 416, 402, 408, 23, 409, 319, 410, 53, 254, 295, 413, 417, 418, 419, 306, 421, 422, 423, 424, 323, 425, 475, 427, 60, 428, 429, 430, 431, 432, 434, 436, 437, 197, 438, 10, 439, 441, 479, 442, 445, 446, 447, 29, 449, 450, 452, 453, 24, 454, 455, 456, 457, 458, 364, 459, 175, 460, 461, 462, 99, 199, 466, 468, 469, 451, 470, 444, 223, 471, 149, 473, 489, 376, 474, 286, 476, 477, 478, 75, 384, 481, 482, 215, 9, 484, 485, 486, 487, 74, 472, 488, 243, 304, 490, 491, 493, 15, 341, 495, 463, 497, 498, 397, 499, 500, 42, 352, 325, 33, 


Solución Inicial Lexicographica.
Instancia: ../Taillard/T500_20/t500_20.6.txt - Makespan: 30946 - TotalSecs: 0
1, 2, 3, 4, 5, 6, 7, 8, 9, 10, 11, 12, 13, 14, 15, 16, 17, 18, 19, 20, 21, 22, 23, 24, 25, 26, 27, 28, 29, 30, 31, 32, 33, 34, 35, 36, 37, 38, 39, 40, 41, 42, 43, 44, 45, 46, 47, 48, 49, 50, 51, 52, 53, 54, 55, 56, 57, 58, 59, 60, 61, 62, 63, 64, 65, 66, 67, 68, 69, 70, 71, 72, 73, 74, 75, 76, 77, 78, 79, 80, 81, 82, 83, 84, 85, 86, 87, 88, 89, 90, 91, 92, 93, 94, 95, 96, 97, 98, 99, 100, 101, 102, 103, 104, 105, 106, 107, 108, 109, 110, 111, 112, 113, 114, 115, 116, 117, 118, 119, 120, 121, 122, 123, 124, 125, 126, 127, 128, 129, 130, 131, 132, 133, 134, 135, 136, 137, 138, 139, 140, 141, 142, 143, 144, 145, 146, 147, 148, 149, 150, 151, 152, 153, 154, 155, 156, 157, 158, 159, 160, 161, 162, 163, 164, 165, 166, 167, 168, 169, 170, 171, 172, 173, 174, 175, 176, 177, 178, 179, 180, 181, 182, 183, 184, 185, 186, 187, 188, 189, 190, 191, 192, 193, 194, 195, 196, 197, 198, 199, 200, 201, 202, 203, 204, 205, 206, 207, 208, 209, 210, 211, 212, 213, 214, 215, 216, 217, 218, 219, 220, 221, 222, 223, 224, 225, 226, 227, 228, 229, 230, 231, 232, 233, 234, 235, 236, 237, 238, 239, 240, 241, 242, 243, 244, 245, 246, 247, 248, 249, 250, 251, 252, 253, 254, 255, 256, 257, 258, 259, 260, 261, 262, 263, 264, 265, 266, 267, 268, 269, 270, 271, 272, 273, 274, 275, 276, 277, 278, 279, 280, 281, 282, 283, 284, 285, 286, 287, 288, 289, 290, 291, 292, 293, 294, 295, 296, 297, 298, 299, 300, 301, 302, 303, 304, 305, 306, 307, 308, 309, 310, 311, 312, 313, 314, 315, 316, 317, 318, 319, 320, 321, 322, 323, 324, 325, 326, 327, 328, 329, 330, 331, 332, 333, 334, 335, 336, 337, 338, 339, 340, 341, 342, 343, 344, 345, 346, 347, 348, 349, 350, 351, 352, 353, 354, 355, 356, 357, 358, 359, 360, 361, 362, 363, 364, 365, 366, 367, 368, 369, 370, 371, 372, 373, 374, 375, 376, 377, 378, 379, 380, 381, 382, 383, 384, 385, 386, 387, 388, 389, 390, 391, 392, 393, 394, 395, 396, 397, 398, 399, 400, 401, 402, 403, 404, 405, 406, 407, 408, 409, 410, 411, 412, 413, 414, 415, 416, 417, 418, 419, 420, 421, 422, 423, 424, 425, 426, 427, 428, 429, 430, 431, 432, 433, 434, 435, 436, 437, 438, 439, 440, 441, 442, 443, 444, 445, 446, 447, 448, 449, 450, 451, 452, 453, 454, 455, 456, 457, 458, 459, 460, 461, 462, 463, 464, 465, 466, 467, 468, 469, 470, 471, 472, 473, 474, 475, 476, 477, 478, 479, 480, 481, 482, 483, 484, 485, 486, 487, 488, 489, 490, 491, 492, 493, 494, 495, 496, 497, 498, 499, 500, 


Solución Mejorada (twoOptMove & randomMove).
Instancia: ../Taillard/T500_20/t500_20.6.txt - Makespan: 27598 - TotalSecs: 12.6832
203, 182, 1, 305, 345, 2, 37, 498, 3, 39, 470, 465, 7, 8, 452, 10, 11, 12, 320, 288, 13, 96, 475, 499, 15, 16, 17, 20, 23, 175, 24, 25, 472, 478, 369, 29, 30, 264, 31, 263, 28, 33, 35, 36, 38, 26, 40, 454, 41, 43, 47, 51, 290, 32, 301, 53, 63, 34, 64, 120, 65, 70, 72, 74, 50, 19, 75, 57, 78, 473, 469, 59, 382, 85, 145, 88, 297, 441, 91, 92, 87, 93, 94, 348, 95, 80, 102, 274, 44, 215, 98, 99, 100, 218, 14, 101, 269, 103, 104, 105, 108, 109, 89, 110, 112, 330, 116, 117, 273, 491, 118, 119, 251, 487, 121, 122, 123, 124, 125, 126, 127, 150, 128, 129, 147, 115, 130, 430, 482, 490, 164, 134, 423, 135, 136, 137, 495, 138, 139, 181, 140, 300, 141, 142, 146, 148, 149, 249, 171, 488, 152, 196, 153, 155, 157, 370, 160, 354, 161, 77, 163, 228, 165, 168, 169, 45, 172, 173, 174, 179, 183, 185, 186, 187, 188, 189, 307, 293, 353, 242, 192, 193, 194, 195, 197, 377, 46, 199, 202, 204, 205, 206, 207, 208, 156, 198, 154, 210, 211, 212, 213, 27, 386, 214, 216, 84, 219, 220, 257, 325, 400, 222, 223, 224, 291, 235, 225, 226, 342, 227, 229, 201, 321, 253, 231, 332, 232, 221, 233, 265, 258, 392, 18, 237, 381, 238, 217, 239, 240, 241, 177, 244, 245, 246, 248, 250, 390, 252, 416, 340, 151, 453, 259, 260, 261, 262, 86, 58, 267, 268, 234, 270, 271, 374, 275, 276, 310, 9, 277, 278, 408, 279, 280, 256, 327, 191, 281, 282, 283, 411, 284, 61, 285, 315, 287, 289, 476, 292, 352, 294, 295, 299, 302, 303, 4, 306, 308, 309, 311, 312, 316, 82, 317, 319, 180, 66, 323, 404, 324, 326, 48, 328, 329, 333, 334, 335, 422, 337, 56, 338, 341, 376, 343, 344, 346, 347, 97, 81, 336, 68, 351, 395, 331, 355, 356, 357, 442, 178, 459, 358, 359, 106, 360, 230, 361, 363, 114, 304, 83, 364, 162, 69, 365, 62, 366, 184, 200, 371, 372, 322, 375, 410, 350, 489, 379, 380, 383, 385, 387, 107, 388, 49, 131, 389, 22, 436, 298, 367, 496, 391, 393, 394, 73, 79, 314, 166, 449, 399, 398, 55, 401, 477, 402, 403, 405, 415, 272, 42, 409, 396, 373, 412, 313, 413, 21, 500, 417, 418, 113, 209, 349, 474, 419, 420, 132, 479, 414, 254, 176, 421, 424, 170, 425, 426, 427, 428, 429, 431, 432, 433, 434, 435, 362, 368, 437, 384, 438, 439, 440, 443, 444, 143, 445, 52, 446, 448, 450, 339, 144, 451, 90, 492, 455, 456, 255, 457, 458, 243, 447, 460, 397, 461, 462, 463, 464, 236, 466, 54, 467, 67, 468, 471, 318, 480, 481, 483, 71, 484, 296, 190, 485, 486, 76, 378, 167, 6, 60, 407, 493, 266, 133, 494, 406, 111, 5, 286, 159, 247, 497, 158, 


Solución Inicial Lexicographica.
Instancia: ../Taillard/T500_20/t500_20.7.txt - Makespan: 30792 - TotalSecs: 0
1, 2, 3, 4, 5, 6, 7, 8, 9, 10, 11, 12, 13, 14, 15, 16, 17, 18, 19, 20, 21, 22, 23, 24, 25, 26, 27, 28, 29, 30, 31, 32, 33, 34, 35, 36, 37, 38, 39, 40, 41, 42, 43, 44, 45, 46, 47, 48, 49, 50, 51, 52, 53, 54, 55, 56, 57, 58, 59, 60, 61, 62, 63, 64, 65, 66, 67, 68, 69, 70, 71, 72, 73, 74, 75, 76, 77, 78, 79, 80, 81, 82, 83, 84, 85, 86, 87, 88, 89, 90, 91, 92, 93, 94, 95, 96, 97, 98, 99, 100, 101, 102, 103, 104, 105, 106, 107, 108, 109, 110, 111, 112, 113, 114, 115, 116, 117, 118, 119, 120, 121, 122, 123, 124, 125, 126, 127, 128, 129, 130, 131, 132, 133, 134, 135, 136, 137, 138, 139, 140, 141, 142, 143, 144, 145, 146, 147, 148, 149, 150, 151, 152, 153, 154, 155, 156, 157, 158, 159, 160, 161, 162, 163, 164, 165, 166, 167, 168, 169, 170, 171, 172, 173, 174, 175, 176, 177, 178, 179, 180, 181, 182, 183, 184, 185, 186, 187, 188, 189, 190, 191, 192, 193, 194, 195, 196, 197, 198, 199, 200, 201, 202, 203, 204, 205, 206, 207, 208, 209, 210, 211, 212, 213, 214, 215, 216, 217, 218, 219, 220, 221, 222, 223, 224, 225, 226, 227, 228, 229, 230, 231, 232, 233, 234, 235, 236, 237, 238, 239, 240, 241, 242, 243, 244, 245, 246, 247, 248, 249, 250, 251, 252, 253, 254, 255, 256, 257, 258, 259, 260, 261, 262, 263, 264, 265, 266, 267, 268, 269, 270, 271, 272, 273, 274, 275, 276, 277, 278, 279, 280, 281, 282, 283, 284, 285, 286, 287, 288, 289, 290, 291, 292, 293, 294, 295, 296, 297, 298, 299, 300, 301, 302, 303, 304, 305, 306, 307, 308, 309, 310, 311, 312, 313, 314, 315, 316, 317, 318, 319, 320, 321, 322, 323, 324, 325, 326, 327, 328, 329, 330, 331, 332, 333, 334, 335, 336, 337, 338, 339, 340, 341, 342, 343, 344, 345, 346, 347, 348, 349, 350, 351, 352, 353, 354, 355, 356, 357, 358, 359, 360, 361, 362, 363, 364, 365, 366, 367, 368, 369, 370, 371, 372, 373, 374, 375, 376, 377, 378, 379, 380, 381, 382, 383, 384, 385, 386, 387, 388, 389, 390, 391, 392, 393, 394, 395, 396, 397, 398, 399, 400, 401, 402, 403, 404, 405, 406, 407, 408, 409, 410, 411, 412, 413, 414, 415, 416, 417, 418, 419, 420, 421, 422, 423, 424, 425, 426, 427, 428, 429, 430, 431, 432, 433, 434, 435, 436, 437, 438, 439, 440, 441, 442, 443, 444, 445, 446, 447, 448, 449, 450, 451, 452, 453, 454, 455, 456, 457, 458, 459, 460, 461, 462, 463, 464, 465, 466, 467, 468, 469, 470, 471, 472, 473, 474, 475, 476, 477, 478, 479, 480, 481, 482, 483, 484, 485, 486, 487, 488, 489, 490, 491, 492, 493, 494, 495, 496, 497, 498, 499, 500, 


Solución Mejorada (twoOptMove & randomMove).
Instancia: ../Taillard/T500_20/t500_20.7.txt - Makespan: 27531 - TotalSecs: 12.7226
1, 4, 461, 209, 462, 5, 174, 6, 440, 8, 245, 11, 12, 13, 326, 14, 17, 18, 2, 19, 419, 446, 492, 213, 24, 26, 457, 243, 27, 204, 29, 481, 247, 295, 53, 34, 238, 391, 36, 37, 57, 25, 38, 378, 23, 417, 39, 42, 43, 291, 280, 130, 44, 72, 45, 281, 31, 48, 264, 49, 109, 50, 472, 273, 226, 208, 303, 55, 58, 61, 297, 62, 97, 64, 66, 67, 68, 170, 486, 202, 74, 75, 76, 56, 77, 196, 78, 162, 82, 83, 54, 85, 89, 90, 91, 92, 93, 95, 184, 356, 452, 80, 128, 98, 99, 119, 100, 104, 40, 106, 84, 282, 321, 107, 113, 108, 408, 382, 86, 110, 111, 112, 377, 451, 115, 421, 117, 487, 120, 114, 141, 126, 288, 127, 428, 129, 241, 182, 10, 132, 133, 134, 136, 137, 482, 138, 227, 203, 139, 140, 329, 498, 142, 30, 143, 131, 144, 146, 125, 350, 148, 149, 152, 153, 210, 9, 155, 81, 156, 158, 159, 412, 299, 160, 161, 163, 164, 145, 147, 460, 167, 168, 32, 231, 172, 70, 175, 205, 398, 330, 176, 177, 3, 178, 179, 180, 181, 116, 409, 183, 185, 186, 449, 187, 189, 298, 191, 194, 195, 47, 154, 199, 200, 201, 311, 207, 211, 212, 214, 215, 448, 216, 464, 219, 157, 220, 221, 336, 355, 223, 224, 225, 228, 229, 316, 232, 233, 235, 15, 60, 237, 275, 270, 239, 96, 240, 425, 242, 244, 246, 248, 249, 250, 193, 234, 252, 253, 254, 255, 256, 217, 259, 261, 435, 263, 265, 266, 267, 268, 277, 166, 272, 173, 278, 279, 7, 285, 286, 287, 480, 289, 292, 477, 430, 300, 301, 302, 51, 304, 305, 372, 306, 260, 307, 308, 432, 310, 124, 258, 312, 296, 314, 315, 206, 150, 317, 318, 347, 328, 20, 319, 320, 422, 322, 323, 324, 33, 338, 325, 327, 269, 396, 340, 331, 332, 371, 426, 407, 88, 333, 334, 337, 313, 309, 218, 453, 21, 363, 445, 339, 341, 342, 343, 344, 345, 346, 257, 348, 349, 351, 352, 353, 497, 488, 335, 354, 357, 35, 358, 494, 359, 290, 404, 360, 171, 361, 362, 364, 374, 365, 366, 118, 367, 368, 222, 103, 369, 375, 393, 376, 59, 370, 379, 500, 373, 380, 392, 383, 384, 236, 385, 169, 192, 190, 63, 388, 389, 387, 230, 390, 197, 458, 394, 493, 397, 399, 151, 400, 402, 403, 437, 405, 52, 101, 406, 411, 413, 87, 414, 188, 415, 94, 416, 418, 420, 423, 271, 121, 468, 65, 427, 386, 429, 22, 276, 431, 434, 454, 436, 123, 438, 439, 441, 442, 463, 262, 443, 444, 447, 198, 450, 471, 251, 424, 455, 459, 433, 381, 135, 465, 466, 274, 467, 401, 28, 284, 469, 470, 395, 473, 474, 475, 41, 122, 79, 476, 105, 478, 479, 73, 483, 456, 46, 484, 485, 165, 489, 490, 16, 491, 410, 495, 496, 102, 294, 499, 293, 69, 283, 71, 


Solución Inicial Lexicographica.
Instancia: ../Taillard/T500_20/t500_20.8.txt - Makespan: 31034 - TotalSecs: 0
1, 2, 3, 4, 5, 6, 7, 8, 9, 10, 11, 12, 13, 14, 15, 16, 17, 18, 19, 20, 21, 22, 23, 24, 25, 26, 27, 28, 29, 30, 31, 32, 33, 34, 35, 36, 37, 38, 39, 40, 41, 42, 43, 44, 45, 46, 47, 48, 49, 50, 51, 52, 53, 54, 55, 56, 57, 58, 59, 60, 61, 62, 63, 64, 65, 66, 67, 68, 69, 70, 71, 72, 73, 74, 75, 76, 77, 78, 79, 80, 81, 82, 83, 84, 85, 86, 87, 88, 89, 90, 91, 92, 93, 94, 95, 96, 97, 98, 99, 100, 101, 102, 103, 104, 105, 106, 107, 108, 109, 110, 111, 112, 113, 114, 115, 116, 117, 118, 119, 120, 121, 122, 123, 124, 125, 126, 127, 128, 129, 130, 131, 132, 133, 134, 135, 136, 137, 138, 139, 140, 141, 142, 143, 144, 145, 146, 147, 148, 149, 150, 151, 152, 153, 154, 155, 156, 157, 158, 159, 160, 161, 162, 163, 164, 165, 166, 167, 168, 169, 170, 171, 172, 173, 174, 175, 176, 177, 178, 179, 180, 181, 182, 183, 184, 185, 186, 187, 188, 189, 190, 191, 192, 193, 194, 195, 196, 197, 198, 199, 200, 201, 202, 203, 204, 205, 206, 207, 208, 209, 210, 211, 212, 213, 214, 215, 216, 217, 218, 219, 220, 221, 222, 223, 224, 225, 226, 227, 228, 229, 230, 231, 232, 233, 234, 235, 236, 237, 238, 239, 240, 241, 242, 243, 244, 245, 246, 247, 248, 249, 250, 251, 252, 253, 254, 255, 256, 257, 258, 259, 260, 261, 262, 263, 264, 265, 266, 267, 268, 269, 270, 271, 272, 273, 274, 275, 276, 277, 278, 279, 280, 281, 282, 283, 284, 285, 286, 287, 288, 289, 290, 291, 292, 293, 294, 295, 296, 297, 298, 299, 300, 301, 302, 303, 304, 305, 306, 307, 308, 309, 310, 311, 312, 313, 314, 315, 316, 317, 318, 319, 320, 321, 322, 323, 324, 325, 326, 327, 328, 329, 330, 331, 332, 333, 334, 335, 336, 337, 338, 339, 340, 341, 342, 343, 344, 345, 346, 347, 348, 349, 350, 351, 352, 353, 354, 355, 356, 357, 358, 359, 360, 361, 362, 363, 364, 365, 366, 367, 368, 369, 370, 371, 372, 373, 374, 375, 376, 377, 378, 379, 380, 381, 382, 383, 384, 385, 386, 387, 388, 389, 390, 391, 392, 393, 394, 395, 396, 397, 398, 399, 400, 401, 402, 403, 404, 405, 406, 407, 408, 409, 410, 411, 412, 413, 414, 415, 416, 417, 418, 419, 420, 421, 422, 423, 424, 425, 426, 427, 428, 429, 430, 431, 432, 433, 434, 435, 436, 437, 438, 439, 440, 441, 442, 443, 444, 445, 446, 447, 448, 449, 450, 451, 452, 453, 454, 455, 456, 457, 458, 459, 460, 461, 462, 463, 464, 465, 466, 467, 468, 469, 470, 471, 472, 473, 474, 475, 476, 477, 478, 479, 480, 481, 482, 483, 484, 485, 486, 487, 488, 489, 490, 491, 492, 493, 494, 495, 496, 497, 498, 499, 500, 


Solución Mejorada (twoOptMove & randomMove).
Instancia: ../Taillard/T500_20/t500_20.8.txt - Makespan: 27875 - TotalSecs: 13.5101
448, 2, 401, 351, 6, 7, 450, 9, 11, 483, 147, 13, 14, 345, 15, 20, 21, 23, 26, 384, 310, 27, 28, 29, 31, 33, 63, 431, 342, 308, 35, 372, 36, 39, 40, 42, 43, 4, 44, 397, 17, 403, 19, 46, 38, 47, 24, 451, 48, 355, 306, 113, 49, 50, 51, 52, 53, 55, 56, 463, 58, 22, 187, 61, 62, 64, 66, 68, 69, 480, 70, 71, 72, 3, 73, 74, 75, 457, 424, 490, 77, 145, 79, 80, 117, 82, 83, 86, 87, 88, 93, 386, 94, 95, 97, 360, 100, 101, 391, 105, 107, 99, 108, 106, 109, 111, 112, 114, 115, 359, 116, 118, 119, 122, 123, 125, 34, 121, 127, 349, 399, 484, 98, 286, 130, 132, 133, 136, 137, 205, 138, 139, 206, 167, 140, 471, 142, 143, 65, 274, 467, 305, 144, 283, 146, 148, 149, 337, 153, 78, 493, 89, 154, 156, 157, 158, 159, 25, 462, 162, 494, 163, 171, 444, 499, 309, 168, 169, 301, 279, 103, 12, 170, 487, 172, 173, 175, 176, 177, 179, 32, 96, 195, 180, 461, 129, 181, 233, 472, 184, 185, 45, 189, 160, 190, 135, 191, 151, 200, 192, 166, 193, 323, 196, 197, 198, 199, 201, 202, 204, 458, 299, 194, 209, 211, 420, 155, 212, 213, 18, 210, 215, 203, 218, 219, 220, 304, 174, 317, 316, 81, 243, 152, 221, 223, 395, 222, 254, 225, 227, 332, 228, 230, 231, 234, 90, 5, 238, 440, 188, 131, 124, 240, 241, 249, 161, 242, 244, 245, 229, 280, 247, 248, 250, 251, 252, 253, 235, 255, 256, 216, 257, 452, 259, 476, 296, 84, 260, 261, 263, 262, 266, 436, 485, 207, 267, 268, 237, 269, 270, 271, 272, 273, 150, 275, 276, 277, 473, 30, 282, 183, 284, 285, 392, 287, 288, 289, 290, 291, 292, 92, 60, 126, 293, 460, 334, 456, 294, 295, 297, 85, 128, 357, 298, 300, 307, 311, 312, 381, 264, 314, 315, 318, 319, 320, 321, 322, 324, 325, 326, 327, 328, 329, 1, 331, 330, 500, 333, 302, 335, 433, 339, 8, 340, 343, 344, 341, 347, 338, 348, 303, 350, 353, 354, 356, 358, 361, 362, 363, 364, 366, 368, 369, 224, 382, 371, 373, 375, 376, 377, 370, 208, 367, 141, 379, 380, 383, 385, 387, 388, 313, 389, 16, 413, 178, 104, 278, 390, 393, 394, 396, 346, 437, 398, 427, 400, 481, 402, 258, 405, 406, 164, 407, 408, 497, 441, 428, 409, 410, 41, 411, 412, 54, 110, 414, 76, 415, 416, 417, 239, 419, 421, 422, 498, 265, 423, 425, 404, 281, 429, 430, 432, 434, 435, 91, 438, 439, 59, 232, 443, 445, 446, 426, 447, 449, 418, 67, 453, 454, 455, 478, 459, 182, 378, 120, 246, 464, 465, 352, 466, 165, 468, 469, 470, 474, 475, 186, 477, 217, 488, 479, 336, 482, 102, 486, 489, 365, 491, 492, 374, 442, 495, 10, 236, 57, 496, 214, 37, 226, 134, 


Solución Inicial Lexicographica.
Instancia: ../Taillard/T500_20/t500_20.9.txt - Makespan: 30634 - TotalSecs: 0
1, 2, 3, 4, 5, 6, 7, 8, 9, 10, 11, 12, 13, 14, 15, 16, 17, 18, 19, 20, 21, 22, 23, 24, 25, 26, 27, 28, 29, 30, 31, 32, 33, 34, 35, 36, 37, 38, 39, 40, 41, 42, 43, 44, 45, 46, 47, 48, 49, 50, 51, 52, 53, 54, 55, 56, 57, 58, 59, 60, 61, 62, 63, 64, 65, 66, 67, 68, 69, 70, 71, 72, 73, 74, 75, 76, 77, 78, 79, 80, 81, 82, 83, 84, 85, 86, 87, 88, 89, 90, 91, 92, 93, 94, 95, 96, 97, 98, 99, 100, 101, 102, 103, 104, 105, 106, 107, 108, 109, 110, 111, 112, 113, 114, 115, 116, 117, 118, 119, 120, 121, 122, 123, 124, 125, 126, 127, 128, 129, 130, 131, 132, 133, 134, 135, 136, 137, 138, 139, 140, 141, 142, 143, 144, 145, 146, 147, 148, 149, 150, 151, 152, 153, 154, 155, 156, 157, 158, 159, 160, 161, 162, 163, 164, 165, 166, 167, 168, 169, 170, 171, 172, 173, 174, 175, 176, 177, 178, 179, 180, 181, 182, 183, 184, 185, 186, 187, 188, 189, 190, 191, 192, 193, 194, 195, 196, 197, 198, 199, 200, 201, 202, 203, 204, 205, 206, 207, 208, 209, 210, 211, 212, 213, 214, 215, 216, 217, 218, 219, 220, 221, 222, 223, 224, 225, 226, 227, 228, 229, 230, 231, 232, 233, 234, 235, 236, 237, 238, 239, 240, 241, 242, 243, 244, 245, 246, 247, 248, 249, 250, 251, 252, 253, 254, 255, 256, 257, 258, 259, 260, 261, 262, 263, 264, 265, 266, 267, 268, 269, 270, 271, 272, 273, 274, 275, 276, 277, 278, 279, 280, 281, 282, 283, 284, 285, 286, 287, 288, 289, 290, 291, 292, 293, 294, 295, 296, 297, 298, 299, 300, 301, 302, 303, 304, 305, 306, 307, 308, 309, 310, 311, 312, 313, 314, 315, 316, 317, 318, 319, 320, 321, 322, 323, 324, 325, 326, 327, 328, 329, 330, 331, 332, 333, 334, 335, 336, 337, 338, 339, 340, 341, 342, 343, 344, 345, 346, 347, 348, 349, 350, 351, 352, 353, 354, 355, 356, 357, 358, 359, 360, 361, 362, 363, 364, 365, 366, 367, 368, 369, 370, 371, 372, 373, 374, 375, 376, 377, 378, 379, 380, 381, 382, 383, 384, 385, 386, 387, 388, 389, 390, 391, 392, 393, 394, 395, 396, 397, 398, 399, 400, 401, 402, 403, 404, 405, 406, 407, 408, 409, 410, 411, 412, 413, 414, 415, 416, 417, 418, 419, 420, 421, 422, 423, 424, 425, 426, 427, 428, 429, 430, 431, 432, 433, 434, 435, 436, 437, 438, 439, 440, 441, 442, 443, 444, 445, 446, 447, 448, 449, 450, 451, 452, 453, 454, 455, 456, 457, 458, 459, 460, 461, 462, 463, 464, 465, 466, 467, 468, 469, 470, 471, 472, 473, 474, 475, 476, 477, 478, 479, 480, 481, 482, 483, 484, 485, 486, 487, 488, 489, 490, 491, 492, 493, 494, 495, 496, 497, 498, 499, 500, 


Solución Mejorada (twoOptMove & randomMove).
Instancia: ../Taillard/T500_20/t500_20.9.txt - Makespan: 27281 - TotalSecs: 12.8867
1, 175, 138, 6, 327, 8, 297, 68, 9, 177, 10, 344, 169, 263, 12, 26, 331, 15, 16, 230, 2, 126, 17, 322, 396, 18, 286, 21, 139, 27, 146, 49, 31, 32, 301, 328, 459, 97, 38, 40, 275, 239, 42, 44, 76, 495, 46, 277, 50, 51, 487, 54, 55, 56, 57, 58, 154, 61, 63, 64, 66, 212, 420, 67, 69, 70, 493, 71, 364, 73, 287, 74, 52, 75, 78, 477, 79, 250, 77, 41, 81, 82, 83, 84, 441, 348, 85, 183, 86, 88, 482, 100, 305, 89, 90, 350, 91, 92, 343, 392, 94, 95, 96, 28, 98, 43, 380, 80, 19, 101, 103, 104, 147, 108, 214, 110, 34, 114, 115, 117, 118, 232, 216, 254, 189, 45, 120, 121, 122, 24, 119, 125, 127, 20, 128, 129, 130, 7, 418, 159, 134, 135, 491, 242, 500, 140, 374, 141, 308, 143, 167, 405, 145, 148, 149, 150, 458, 152, 153, 156, 193, 157, 461, 99, 160, 162, 381, 164, 166, 172, 136, 173, 298, 176, 180, 182, 105, 184, 13, 161, 474, 186, 187, 33, 295, 188, 178, 190, 191, 5, 192, 223, 194, 11, 112, 196, 244, 199, 106, 200, 253, 203, 204, 206, 208, 209, 210, 330, 317, 215, 442, 170, 217, 218, 219, 220, 221, 255, 171, 224, 227, 228, 229, 231, 233, 151, 234, 235, 410, 236, 252, 237, 240, 238, 241, 243, 225, 14, 245, 87, 137, 213, 246, 247, 457, 248, 249, 269, 22, 256, 257, 258, 259, 260, 416, 261, 262, 265, 163, 266, 185, 62, 270, 271, 174, 272, 273, 292, 274, 276, 352, 278, 427, 279, 198, 280, 281, 282, 123, 283, 284, 285, 438, 288, 414, 452, 289, 205, 290, 4, 251, 293, 294, 53, 35, 296, 299, 300, 302, 303, 306, 311, 412, 312, 313, 314, 315, 316, 131, 318, 319, 321, 323, 226, 465, 448, 356, 324, 320, 326, 406, 370, 309, 332, 333, 334, 335, 337, 338, 339, 48, 340, 342, 362, 132, 345, 268, 347, 124, 349, 351, 353, 30, 111, 357, 358, 359, 93, 360, 361, 366, 207, 179, 367, 368, 371, 373, 375, 376, 355, 377, 378, 307, 382, 384, 473, 195, 386, 211, 325, 354, 329, 107, 387, 388, 389, 365, 390, 372, 391, 393, 395, 431, 165, 36, 397, 398, 399, 400, 59, 401, 336, 402, 341, 403, 404, 264, 201, 37, 407, 47, 168, 291, 409, 304, 411, 413, 415, 158, 476, 417, 419, 421, 422, 424, 425, 426, 428, 385, 429, 430, 39, 432, 433, 434, 435, 437, 436, 446, 394, 144, 25, 439, 440, 155, 443, 456, 23, 102, 444, 445, 447, 408, 475, 202, 450, 451, 453, 113, 454, 116, 455, 267, 462, 72, 463, 109, 310, 464, 466, 498, 467, 383, 468, 469, 471, 472, 478, 369, 197, 479, 494, 483, 142, 480, 481, 484, 485, 486, 181, 29, 379, 488, 489, 3, 490, 460, 470, 449, 222, 133, 496, 423, 499, 497, 492, 60, 346, 65, 363, 


Solución Inicial Lexicographica.
Instancia: ../Taillard/T500_20/t500_20.10.txt - Makespan: 29092 - TotalSecs: 0
1, 2, 3, 4, 5, 6, 7, 8, 9, 10, 11, 12, 13, 14, 15, 16, 17, 18, 19, 20, 21, 22, 23, 24, 25, 26, 27, 28, 29, 30, 31, 32, 33, 34, 35, 36, 37, 38, 39, 40, 41, 42, 43, 44, 45, 46, 47, 48, 49, 50, 51, 52, 53, 54, 55, 56, 57, 58, 59, 60, 61, 62, 63, 64, 65, 66, 67, 68, 69, 70, 71, 72, 73, 74, 75, 76, 77, 78, 79, 80, 81, 82, 83, 84, 85, 86, 87, 88, 89, 90, 91, 92, 93, 94, 95, 96, 97, 98, 99, 100, 101, 102, 103, 104, 105, 106, 107, 108, 109, 110, 111, 112, 113, 114, 115, 116, 117, 118, 119, 120, 121, 122, 123, 124, 125, 126, 127, 128, 129, 130, 131, 132, 133, 134, 135, 136, 137, 138, 139, 140, 141, 142, 143, 144, 145, 146, 147, 148, 149, 150, 151, 152, 153, 154, 155, 156, 157, 158, 159, 160, 161, 162, 163, 164, 165, 166, 167, 168, 169, 170, 171, 172, 173, 174, 175, 176, 177, 178, 179, 180, 181, 182, 183, 184, 185, 186, 187, 188, 189, 190, 191, 192, 193, 194, 195, 196, 197, 198, 199, 200, 201, 202, 203, 204, 205, 206, 207, 208, 209, 210, 211, 212, 213, 214, 215, 216, 217, 218, 219, 220, 221, 222, 223, 224, 225, 226, 227, 228, 229, 230, 231, 232, 233, 234, 235, 236, 237, 238, 239, 240, 241, 242, 243, 244, 245, 246, 247, 248, 249, 250, 251, 252, 253, 254, 255, 256, 257, 258, 259, 260, 261, 262, 263, 264, 265, 266, 267, 268, 269, 270, 271, 272, 273, 274, 275, 276, 277, 278, 279, 280, 281, 282, 283, 284, 285, 286, 287, 288, 289, 290, 291, 292, 293, 294, 295, 296, 297, 298, 299, 300, 301, 302, 303, 304, 305, 306, 307, 308, 309, 310, 311, 312, 313, 314, 315, 316, 317, 318, 319, 320, 321, 322, 323, 324, 325, 326, 327, 328, 329, 330, 331, 332, 333, 334, 335, 336, 337, 338, 339, 340, 341, 342, 343, 344, 345, 346, 347, 348, 349, 350, 351, 352, 353, 354, 355, 356, 357, 358, 359, 360, 361, 362, 363, 364, 365, 366, 367, 368, 369, 370, 371, 372, 373, 374, 375, 376, 377, 378, 379, 380, 381, 382, 383, 384, 385, 386, 387, 388, 389, 390, 391, 392, 393, 394, 395, 396, 397, 398, 399, 400, 401, 402, 403, 404, 405, 406, 407, 408, 409, 410, 411, 412, 413, 414, 415, 416, 417, 418, 419, 420, 421, 422, 423, 424, 425, 426, 427, 428, 429, 430, 431, 432, 433, 434, 435, 436, 437, 438, 439, 440, 441, 442, 443, 444, 445, 446, 447, 448, 449, 450, 451, 452, 453, 454, 455, 456, 457, 458, 459, 460, 461, 462, 463, 464, 465, 466, 467, 468, 469, 470, 471, 472, 473, 474, 475, 476, 477, 478, 479, 480, 481, 482, 483, 484, 485, 486, 487, 488, 489, 490, 491, 492, 493, 494, 495, 496, 497, 498, 499, 500, 


Solución Mejorada (twoOptMove & randomMove).
Instancia: ../Taillard/T500_20/t500_20.10.txt - Makespan: 26484 - TotalSecs: 13.1443
219, 114, 216, 395, 289, 121, 269, 320, 415, 7, 9, 104, 270, 12, 13, 297, 14, 15, 113, 17, 200, 418, 18, 292, 19, 465, 20, 21, 378, 414, 23, 25, 103, 27, 28, 30, 301, 31, 311, 303, 119, 32, 33, 348, 428, 35, 36, 363, 37, 38, 298, 102, 324, 39, 40, 271, 307, 42, 43, 49, 44, 45, 47, 48, 451, 294, 51, 52, 239, 53, 446, 55, 56, 185, 233, 443, 57, 58, 60, 474, 61, 62, 63, 361, 64, 65, 177, 68, 374, 70, 198, 72, 73, 208, 74, 75, 76, 77, 79, 80, 231, 1, 81, 82, 84, 85, 87, 89, 90, 207, 91, 93, 94, 95, 96, 99, 97, 98, 100, 101, 107, 92, 421, 105, 106, 108, 110, 111, 132, 412, 112, 462, 115, 118, 24, 419, 375, 123, 124, 127, 128, 129, 282, 130, 345, 131, 133, 6, 136, 256, 137, 341, 138, 139, 332, 392, 448, 210, 246, 140, 117, 143, 145, 146, 147, 354, 337, 183, 126, 148, 149, 150, 135, 152, 154, 155, 122, 156, 157, 159, 391, 160, 161, 222, 220, 164, 165, 201, 166, 151, 445, 170, 171, 172, 450, 174, 175, 176, 178, 179, 280, 181, 182, 184, 186, 187, 189, 279, 372, 192, 193, 67, 238, 194, 195, 196, 197, 199, 202, 397, 203, 204, 205, 206, 209, 169, 211, 212, 141, 214, 109, 5, 215, 217, 221, 223, 224, 163, 226, 227, 228, 229, 230, 153, 232, 234, 235, 158, 236, 237, 59, 240, 242, 244, 245, 259, 247, 248, 249, 250, 251, 253, 254, 255, 393, 261, 335, 225, 263, 264, 265, 241, 213, 267, 268, 243, 167, 272, 16, 273, 88, 274, 275, 278, 281, 283, 284, 285, 83, 286, 466, 287, 116, 291, 260, 293, 371, 78, 422, 295, 296, 299, 300, 302, 367, 304, 305, 308, 323, 54, 180, 310, 313, 315, 316, 317, 318, 319, 50, 321, 326, 327, 328, 347, 329, 432, 330, 331, 396, 322, 333, 142, 325, 334, 336, 306, 339, 29, 340, 342, 343, 190, 344, 346, 411, 349, 350, 34, 276, 351, 352, 353, 144, 355, 356, 357, 358, 359, 360, 362, 364, 365, 472, 426, 366, 368, 71, 370, 373, 376, 377, 338, 379, 290, 381, 312, 369, 120, 382, 383, 385, 384, 3, 386, 387, 262, 388, 2, 125, 389, 390, 218, 26, 394, 398, 46, 399, 252, 400, 401, 402, 403, 405, 406, 407, 257, 449, 288, 86, 408, 409, 10, 410, 413, 416, 168, 417, 420, 423, 425, 427, 4, 429, 430, 431, 277, 69, 433, 434, 435, 134, 436, 437, 11, 438, 380, 162, 439, 440, 441, 442, 404, 456, 444, 447, 452, 453, 455, 458, 459, 461, 463, 464, 467, 468, 469, 22, 470, 471, 454, 473, 314, 266, 475, 476, 477, 8, 478, 479, 258, 480, 481, 482, 483, 484, 485, 486, 191, 173, 66, 487, 488, 188, 489, 460, 309, 490, 491, 457, 492, 41, 493, 494, 495, 496, 497, 498, 499, 500, 424, 

