

Solución Inicial Lexicographica.
Instancia: ../Taillard/T500_20/t500_20.1.txt - Makespan: 30121 - TotalSecs: 0
1, 2, 3, 4, 5, 6, 7, 8, 9, 10, 11, 12, 13, 14, 15, 16, 17, 18, 19, 20, 21, 22, 23, 24, 25, 26, 27, 28, 29, 30, 31, 32, 33, 34, 35, 36, 37, 38, 39, 40, 41, 42, 43, 44, 45, 46, 47, 48, 49, 50, 51, 52, 53, 54, 55, 56, 57, 58, 59, 60, 61, 62, 63, 64, 65, 66, 67, 68, 69, 70, 71, 72, 73, 74, 75, 76, 77, 78, 79, 80, 81, 82, 83, 84, 85, 86, 87, 88, 89, 90, 91, 92, 93, 94, 95, 96, 97, 98, 99, 100, 101, 102, 103, 104, 105, 106, 107, 108, 109, 110, 111, 112, 113, 114, 115, 116, 117, 118, 119, 120, 121, 122, 123, 124, 125, 126, 127, 128, 129, 130, 131, 132, 133, 134, 135, 136, 137, 138, 139, 140, 141, 142, 143, 144, 145, 146, 147, 148, 149, 150, 151, 152, 153, 154, 155, 156, 157, 158, 159, 160, 161, 162, 163, 164, 165, 166, 167, 168, 169, 170, 171, 172, 173, 174, 175, 176, 177, 178, 179, 180, 181, 182, 183, 184, 185, 186, 187, 188, 189, 190, 191, 192, 193, 194, 195, 196, 197, 198, 199, 200, 201, 202, 203, 204, 205, 206, 207, 208, 209, 210, 211, 212, 213, 214, 215, 216, 217, 218, 219, 220, 221, 222, 223, 224, 225, 226, 227, 228, 229, 230, 231, 232, 233, 234, 235, 236, 237, 238, 239, 240, 241, 242, 243, 244, 245, 246, 247, 248, 249, 250, 251, 252, 253, 254, 255, 256, 257, 258, 259, 260, 261, 262, 263, 264, 265, 266, 267, 268, 269, 270, 271, 272, 273, 274, 275, 276, 277, 278, 279, 280, 281, 282, 283, 284, 285, 286, 287, 288, 289, 290, 291, 292, 293, 294, 295, 296, 297, 298, 299, 300, 301, 302, 303, 304, 305, 306, 307, 308, 309, 310, 311, 312, 313, 314, 315, 316, 317, 318, 319, 320, 321, 322, 323, 324, 325, 326, 327, 328, 329, 330, 331, 332, 333, 334, 335, 336, 337, 338, 339, 340, 341, 342, 343, 344, 345, 346, 347, 348, 349, 350, 351, 352, 353, 354, 355, 356, 357, 358, 359, 360, 361, 362, 363, 364, 365, 366, 367, 368, 369, 370, 371, 372, 373, 374, 375, 376, 377, 378, 379, 380, 381, 382, 383, 384, 385, 386, 387, 388, 389, 390, 391, 392, 393, 394, 395, 396, 397, 398, 399, 400, 401, 402, 403, 404, 405, 406, 407, 408, 409, 410, 411, 412, 413, 414, 415, 416, 417, 418, 419, 420, 421, 422, 423, 424, 425, 426, 427, 428, 429, 430, 431, 432, 433, 434, 435, 436, 437, 438, 439, 440, 441, 442, 443, 444, 445, 446, 447, 448, 449, 450, 451, 452, 453, 454, 455, 456, 457, 458, 459, 460, 461, 462, 463, 464, 465, 466, 467, 468, 469, 470, 471, 472, 473, 474, 475, 476, 477, 478, 479, 480, 481, 482, 483, 484, 485, 486, 487, 488, 489, 490, 491, 492, 493, 494, 495, 496, 497, 498, 499, 500, 


Solución Mejorada (twoOptMove & randomMove).
Instancia: ../Taillard/T500_20/t500_20.1.txt - Makespan: 27405 - TotalSecs: 23.4135
1, 2, 4, 8, 392, 452, 10, 12, 86, 14, 17, 281, 485, 279, 19, 190, 374, 21, 22, 23, 258, 6, 25, 27, 253, 103, 28, 332, 449, 444, 29, 32, 33, 34, 37, 494, 43, 44, 237, 45, 411, 57, 38, 47, 48, 49, 51, 492, 55, 56, 50, 327, 383, 60, 62, 63, 66, 68, 69, 70, 404, 75, 76, 497, 78, 79, 74, 80, 5, 81, 336, 83, 84, 87, 200, 410, 67, 88, 90, 228, 92, 93, 337, 9, 97, 96, 98, 99, 100, 314, 104, 24, 186, 105, 133, 107, 108, 26, 245, 109, 110, 111, 64, 61, 114, 216, 46, 121, 117, 113, 91, 119, 171, 120, 122, 400, 123, 290, 352, 288, 127, 128, 498, 129, 130, 426, 261, 131, 132, 134, 138, 139, 140, 141, 215, 142, 143, 95, 144, 467, 145, 209, 146, 147, 148, 289, 151, 152, 441, 153, 154, 185, 157, 159, 160, 161, 162, 163, 166, 451, 476, 58, 31, 169, 170, 172, 173, 174, 175, 176, 167, 177, 179, 3, 180, 181, 268, 182, 183, 184, 214, 187, 499, 232, 149, 229, 496, 271, 53, 192, 35, 7, 193, 195, 431, 196, 197, 168, 198, 199, 201, 309, 308, 202, 203, 208, 381, 210, 211, 212, 213, 218, 158, 219, 474, 220, 275, 42, 221, 222, 223, 11, 225, 226, 227, 59, 41, 230, 231, 233, 235, 236, 375, 188, 239, 240, 150, 155, 241, 178, 242, 243, 244, 460, 489, 247, 248, 249, 251, 252, 255, 256, 257, 259, 262, 264, 265, 373, 273, 266, 115, 320, 398, 269, 270, 272, 274, 234, 276, 418, 277, 280, 306, 282, 283, 206, 284, 285, 490, 378, 443, 287, 292, 294, 295, 296, 297, 72, 302, 126, 303, 260, 189, 335, 304, 305, 246, 307, 310, 387, 311, 312, 313, 315, 194, 316, 278, 319, 291, 321, 106, 322, 318, 136, 323, 371, 324, 16, 325, 326, 328, 487, 408, 329, 330, 333, 85, 334, 339, 340, 331, 342, 343, 344, 263, 317, 377, 345, 18, 346, 347, 348, 349, 350, 15, 353, 354, 394, 20, 355, 356, 341, 357, 358, 359, 94, 299, 360, 361, 363, 254, 364, 365, 366, 367, 368, 500, 391, 370, 372, 379, 380, 382, 384, 385, 478, 13, 389, 164, 390, 393, 395, 396, 124, 399, 401, 250, 376, 402, 403, 406, 125, 407, 156, 409, 412, 413, 414, 415, 416, 73, 293, 417, 112, 54, 338, 419, 420, 224, 421, 298, 422, 423, 301, 388, 424, 425, 362, 405, 427, 429, 430, 238, 205, 432, 438, 433, 434, 435, 386, 436, 437, 439, 89, 440, 454, 30, 442, 286, 267, 445, 300, 116, 446, 101, 447, 448, 191, 450, 453, 36, 369, 455, 456, 457, 458, 40, 39, 459, 351, 461, 462, 463, 464, 52, 82, 465, 466, 468, 469, 470, 488, 471, 472, 473, 397, 475, 477, 428, 479, 102, 480, 481, 482, 483, 491, 65, 484, 486, 165, 137, 493, 135, 495, 77, 71, 207, 217, 204, 118, 


Solución Inicial Lexicographica.
Instancia: ../Taillard/T500_20/t500_20.2.txt - Makespan: 31202 - TotalSecs: 0
1, 2, 3, 4, 5, 6, 7, 8, 9, 10, 11, 12, 13, 14, 15, 16, 17, 18, 19, 20, 21, 22, 23, 24, 25, 26, 27, 28, 29, 30, 31, 32, 33, 34, 35, 36, 37, 38, 39, 40, 41, 42, 43, 44, 45, 46, 47, 48, 49, 50, 51, 52, 53, 54, 55, 56, 57, 58, 59, 60, 61, 62, 63, 64, 65, 66, 67, 68, 69, 70, 71, 72, 73, 74, 75, 76, 77, 78, 79, 80, 81, 82, 83, 84, 85, 86, 87, 88, 89, 90, 91, 92, 93, 94, 95, 96, 97, 98, 99, 100, 101, 102, 103, 104, 105, 106, 107, 108, 109, 110, 111, 112, 113, 114, 115, 116, 117, 118, 119, 120, 121, 122, 123, 124, 125, 126, 127, 128, 129, 130, 131, 132, 133, 134, 135, 136, 137, 138, 139, 140, 141, 142, 143, 144, 145, 146, 147, 148, 149, 150, 151, 152, 153, 154, 155, 156, 157, 158, 159, 160, 161, 162, 163, 164, 165, 166, 167, 168, 169, 170, 171, 172, 173, 174, 175, 176, 177, 178, 179, 180, 181, 182, 183, 184, 185, 186, 187, 188, 189, 190, 191, 192, 193, 194, 195, 196, 197, 198, 199, 200, 201, 202, 203, 204, 205, 206, 207, 208, 209, 210, 211, 212, 213, 214, 215, 216, 217, 218, 219, 220, 221, 222, 223, 224, 225, 226, 227, 228, 229, 230, 231, 232, 233, 234, 235, 236, 237, 238, 239, 240, 241, 242, 243, 244, 245, 246, 247, 248, 249, 250, 251, 252, 253, 254, 255, 256, 257, 258, 259, 260, 261, 262, 263, 264, 265, 266, 267, 268, 269, 270, 271, 272, 273, 274, 275, 276, 277, 278, 279, 280, 281, 282, 283, 284, 285, 286, 287, 288, 289, 290, 291, 292, 293, 294, 295, 296, 297, 298, 299, 300, 301, 302, 303, 304, 305, 306, 307, 308, 309, 310, 311, 312, 313, 314, 315, 316, 317, 318, 319, 320, 321, 322, 323, 324, 325, 326, 327, 328, 329, 330, 331, 332, 333, 334, 335, 336, 337, 338, 339, 340, 341, 342, 343, 344, 345, 346, 347, 348, 349, 350, 351, 352, 353, 354, 355, 356, 357, 358, 359, 360, 361, 362, 363, 364, 365, 366, 367, 368, 369, 370, 371, 372, 373, 374, 375, 376, 377, 378, 379, 380, 381, 382, 383, 384, 385, 386, 387, 388, 389, 390, 391, 392, 393, 394, 395, 396, 397, 398, 399, 400, 401, 402, 403, 404, 405, 406, 407, 408, 409, 410, 411, 412, 413, 414, 415, 416, 417, 418, 419, 420, 421, 422, 423, 424, 425, 426, 427, 428, 429, 430, 431, 432, 433, 434, 435, 436, 437, 438, 439, 440, 441, 442, 443, 444, 445, 446, 447, 448, 449, 450, 451, 452, 453, 454, 455, 456, 457, 458, 459, 460, 461, 462, 463, 464, 465, 466, 467, 468, 469, 470, 471, 472, 473, 474, 475, 476, 477, 478, 479, 480, 481, 482, 483, 484, 485, 486, 487, 488, 489, 490, 491, 492, 493, 494, 495, 496, 497, 498, 499, 500, 


Solución Mejorada (twoOptMove & randomMove).
Instancia: ../Taillard/T500_20/t500_20.2.txt - Makespan: 27778 - TotalSecs: 23.8334
468, 1, 326, 69, 46, 135, 206, 277, 4, 6, 8, 9, 175, 454, 10, 13, 14, 15, 498, 18, 11, 19, 189, 497, 403, 120, 20, 74, 30, 32, 133, 89, 93, 34, 179, 79, 36, 31, 39, 40, 58, 41, 399, 42, 45, 49, 50, 365, 51, 54, 55, 384, 203, 56, 57, 148, 59, 61, 97, 62, 65, 87, 66, 67, 70, 71, 73, 76, 345, 356, 80, 460, 81, 82, 149, 106, 83, 84, 85, 90, 91, 92, 178, 495, 213, 24, 47, 16, 410, 35, 353, 197, 131, 96, 12, 99, 103, 104, 200, 351, 105, 29, 109, 113, 114, 219, 115, 246, 116, 117, 132, 119, 123, 278, 124, 128, 129, 130, 136, 137, 138, 139, 140, 455, 142, 144, 146, 224, 153, 88, 156, 157, 158, 370, 159, 150, 161, 162, 164, 165, 341, 166, 167, 169, 170, 171, 173, 176, 177, 418, 180, 181, 182, 209, 184, 187, 380, 122, 188, 347, 190, 191, 60, 192, 444, 442, 194, 195, 196, 421, 298, 202, 72, 431, 476, 204, 205, 255, 208, 210, 211, 212, 125, 214, 199, 415, 112, 216, 453, 101, 183, 220, 414, 222, 386, 223, 225, 226, 496, 227, 228, 289, 328, 231, 490, 232, 233, 234, 395, 155, 236, 237, 238, 239, 241, 242, 215, 243, 244, 245, 260, 95, 168, 309, 247, 229, 248, 413, 163, 251, 252, 253, 254, 2, 256, 5, 494, 75, 257, 258, 186, 259, 409, 423, 262, 263, 264, 265, 348, 266, 267, 268, 269, 396, 271, 272, 274, 64, 23, 316, 193, 276, 279, 280, 310, 281, 126, 282, 283, 285, 98, 286, 287, 417, 100, 288, 217, 290, 379, 291, 292, 293, 37, 377, 361, 295, 320, 296, 77, 201, 297, 299, 300, 301, 302, 303, 304, 324, 305, 449, 306, 307, 456, 424, 308, 311, 390, 313, 315, 294, 317, 319, 321, 322, 323, 327, 329, 330, 273, 331, 332, 397, 52, 333, 325, 334, 335, 362, 336, 337, 338, 339, 160, 342, 154, 343, 21, 400, 459, 344, 346, 22, 270, 185, 340, 349, 374, 350, 352, 354, 355, 357, 358, 78, 48, 404, 3, 359, 249, 363, 17, 364, 366, 25, 367, 368, 405, 221, 369, 314, 372, 373, 375, 284, 38, 480, 43, 145, 376, 378, 7, 381, 240, 382, 318, 111, 110, 383, 68, 385, 419, 387, 389, 392, 393, 394, 398, 437, 207, 401, 479, 134, 406, 102, 143, 407, 408, 121, 411, 412, 448, 44, 174, 416, 360, 420, 198, 422, 151, 425, 426, 427, 428, 172, 429, 430, 488, 402, 487, 432, 483, 474, 218, 433, 434, 478, 152, 435, 438, 439, 250, 33, 440, 107, 441, 443, 371, 445, 446, 447, 450, 451, 452, 457, 458, 466, 461, 127, 462, 463, 465, 391, 467, 470, 471, 472, 473, 500, 475, 118, 477, 464, 469, 230, 481, 482, 492, 388, 312, 147, 27, 94, 484, 63, 485, 53, 486, 489, 491, 493, 275, 436, 86, 499, 28, 141, 108, 235, 26, 261, 


Solución Inicial Lexicographica.
Instancia: ../Taillard/T500_20/t500_20.3.txt - Makespan: 29406 - TotalSecs: 0
1, 2, 3, 4, 5, 6, 7, 8, 9, 10, 11, 12, 13, 14, 15, 16, 17, 18, 19, 20, 21, 22, 23, 24, 25, 26, 27, 28, 29, 30, 31, 32, 33, 34, 35, 36, 37, 38, 39, 40, 41, 42, 43, 44, 45, 46, 47, 48, 49, 50, 51, 52, 53, 54, 55, 56, 57, 58, 59, 60, 61, 62, 63, 64, 65, 66, 67, 68, 69, 70, 71, 72, 73, 74, 75, 76, 77, 78, 79, 80, 81, 82, 83, 84, 85, 86, 87, 88, 89, 90, 91, 92, 93, 94, 95, 96, 97, 98, 99, 100, 101, 102, 103, 104, 105, 106, 107, 108, 109, 110, 111, 112, 113, 114, 115, 116, 117, 118, 119, 120, 121, 122, 123, 124, 125, 126, 127, 128, 129, 130, 131, 132, 133, 134, 135, 136, 137, 138, 139, 140, 141, 142, 143, 144, 145, 146, 147, 148, 149, 150, 151, 152, 153, 154, 155, 156, 157, 158, 159, 160, 161, 162, 163, 164, 165, 166, 167, 168, 169, 170, 171, 172, 173, 174, 175, 176, 177, 178, 179, 180, 181, 182, 183, 184, 185, 186, 187, 188, 189, 190, 191, 192, 193, 194, 195, 196, 197, 198, 199, 200, 201, 202, 203, 204, 205, 206, 207, 208, 209, 210, 211, 212, 213, 214, 215, 216, 217, 218, 219, 220, 221, 222, 223, 224, 225, 226, 227, 228, 229, 230, 231, 232, 233, 234, 235, 236, 237, 238, 239, 240, 241, 242, 243, 244, 245, 246, 247, 248, 249, 250, 251, 252, 253, 254, 255, 256, 257, 258, 259, 260, 261, 262, 263, 264, 265, 266, 267, 268, 269, 270, 271, 272, 273, 274, 275, 276, 277, 278, 279, 280, 281, 282, 283, 284, 285, 286, 287, 288, 289, 290, 291, 292, 293, 294, 295, 296, 297, 298, 299, 300, 301, 302, 303, 304, 305, 306, 307, 308, 309, 310, 311, 312, 313, 314, 315, 316, 317, 318, 319, 320, 321, 322, 323, 324, 325, 326, 327, 328, 329, 330, 331, 332, 333, 334, 335, 336, 337, 338, 339, 340, 341, 342, 343, 344, 345, 346, 347, 348, 349, 350, 351, 352, 353, 354, 355, 356, 357, 358, 359, 360, 361, 362, 363, 364, 365, 366, 367, 368, 369, 370, 371, 372, 373, 374, 375, 376, 377, 378, 379, 380, 381, 382, 383, 384, 385, 386, 387, 388, 389, 390, 391, 392, 393, 394, 395, 396, 397, 398, 399, 400, 401, 402, 403, 404, 405, 406, 407, 408, 409, 410, 411, 412, 413, 414, 415, 416, 417, 418, 419, 420, 421, 422, 423, 424, 425, 426, 427, 428, 429, 430, 431, 432, 433, 434, 435, 436, 437, 438, 439, 440, 441, 442, 443, 444, 445, 446, 447, 448, 449, 450, 451, 452, 453, 454, 455, 456, 457, 458, 459, 460, 461, 462, 463, 464, 465, 466, 467, 468, 469, 470, 471, 472, 473, 474, 475, 476, 477, 478, 479, 480, 481, 482, 483, 484, 485, 486, 487, 488, 489, 490, 491, 492, 493, 494, 495, 496, 497, 498, 499, 500, 


Solución Mejorada (twoOptMove & randomMove).
Instancia: ../Taillard/T500_20/t500_20.3.txt - Makespan: 26314 - TotalSecs: 23.5405
1, 2, 3, 4, 323, 9, 83, 452, 464, 10, 290, 408, 153, 7, 13, 175, 16, 17, 459, 18, 19, 345, 20, 21, 23, 24, 25, 26, 288, 232, 367, 27, 424, 28, 121, 29, 30, 31, 34, 250, 35, 36, 37, 208, 38, 39, 41, 396, 335, 163, 75, 43, 44, 45, 46, 48, 51, 53, 54, 55, 423, 57, 391, 204, 59, 60, 62, 63, 319, 284, 64, 65, 66, 68, 69, 70, 277, 154, 72, 73, 74, 283, 76, 156, 77, 229, 79, 80, 87, 90, 93, 94, 95, 97, 98, 104, 105, 444, 213, 106, 360, 107, 202, 108, 109, 111, 112, 225, 113, 115, 117, 118, 67, 120, 310, 199, 122, 410, 123, 124, 125, 126, 127, 128, 140, 129, 130, 139, 446, 132, 134, 99, 135, 137, 142, 82, 143, 372, 56, 144, 146, 147, 148, 149, 150, 91, 151, 152, 260, 421, 155, 157, 158, 428, 291, 407, 161, 164, 165, 167, 168, 170, 172, 176, 86, 178, 378, 89, 306, 179, 141, 181, 182, 183, 184, 185, 186, 187, 188, 201, 12, 457, 189, 190, 296, 166, 194, 195, 162, 197, 177, 198, 200, 205, 40, 207, 209, 210, 212, 374, 214, 297, 211, 441, 216, 206, 217, 218, 145, 219, 221, 370, 222, 223, 96, 92, 224, 226, 227, 228, 231, 416, 261, 451, 233, 235, 236, 101, 238, 84, 239, 78, 240, 422, 242, 243, 244, 245, 100, 247, 248, 470, 22, 249, 427, 42, 251, 252, 196, 405, 253, 254, 406, 255, 171, 256, 257, 220, 258, 259, 52, 264, 266, 50, 398, 116, 267, 268, 15, 269, 191, 85, 246, 313, 271, 272, 273, 274, 275, 71, 276, 278, 279, 280, 110, 265, 281, 262, 286, 287, 449, 289, 102, 292, 49, 293, 294, 295, 203, 298, 299, 300, 47, 419, 302, 304, 316, 305, 307, 308, 309, 311, 312, 314, 315, 317, 411, 230, 318, 81, 409, 320, 321, 437, 322, 6, 192, 324, 114, 325, 88, 375, 327, 328, 333, 329, 330, 331, 332, 384, 436, 334, 403, 337, 338, 340, 341, 412, 342, 343, 344, 61, 438, 348, 349, 350, 352, 353, 450, 356, 357, 358, 387, 359, 361, 351, 460, 363, 326, 365, 366, 347, 368, 11, 429, 138, 369, 371, 301, 373, 5, 58, 346, 463, 377, 270, 131, 475, 376, 169, 454, 380, 234, 381, 382, 159, 383, 385, 386, 388, 362, 390, 393, 394, 397, 395, 399, 439, 400, 401, 402, 404, 173, 119, 136, 413, 414, 415, 33, 237, 417, 418, 285, 425, 160, 379, 426, 430, 431, 432, 389, 433, 434, 435, 440, 442, 364, 443, 445, 447, 448, 453, 455, 456, 420, 458, 473, 336, 8, 471, 14, 355, 103, 462, 180, 465, 466, 467, 468, 469, 472, 32, 339, 474, 241, 476, 477, 478, 479, 303, 480, 174, 481, 482, 483, 484, 461, 485, 354, 486, 487, 488, 489, 490, 491, 492, 493, 494, 495, 496, 392, 497, 215, 133, 498, 499, 263, 500, 282, 193, 


Solución Inicial Lexicographica.
Instancia: ../Taillard/T500_20/t500_20.4.txt - Makespan: 30355 - TotalSecs: 0
1, 2, 3, 4, 5, 6, 7, 8, 9, 10, 11, 12, 13, 14, 15, 16, 17, 18, 19, 20, 21, 22, 23, 24, 25, 26, 27, 28, 29, 30, 31, 32, 33, 34, 35, 36, 37, 38, 39, 40, 41, 42, 43, 44, 45, 46, 47, 48, 49, 50, 51, 52, 53, 54, 55, 56, 57, 58, 59, 60, 61, 62, 63, 64, 65, 66, 67, 68, 69, 70, 71, 72, 73, 74, 75, 76, 77, 78, 79, 80, 81, 82, 83, 84, 85, 86, 87, 88, 89, 90, 91, 92, 93, 94, 95, 96, 97, 98, 99, 100, 101, 102, 103, 104, 105, 106, 107, 108, 109, 110, 111, 112, 113, 114, 115, 116, 117, 118, 119, 120, 121, 122, 123, 124, 125, 126, 127, 128, 129, 130, 131, 132, 133, 134, 135, 136, 137, 138, 139, 140, 141, 142, 143, 144, 145, 146, 147, 148, 149, 150, 151, 152, 153, 154, 155, 156, 157, 158, 159, 160, 161, 162, 163, 164, 165, 166, 167, 168, 169, 170, 171, 172, 173, 174, 175, 176, 177, 178, 179, 180, 181, 182, 183, 184, 185, 186, 187, 188, 189, 190, 191, 192, 193, 194, 195, 196, 197, 198, 199, 200, 201, 202, 203, 204, 205, 206, 207, 208, 209, 210, 211, 212, 213, 214, 215, 216, 217, 218, 219, 220, 221, 222, 223, 224, 225, 226, 227, 228, 229, 230, 231, 232, 233, 234, 235, 236, 237, 238, 239, 240, 241, 242, 243, 244, 245, 246, 247, 248, 249, 250, 251, 252, 253, 254, 255, 256, 257, 258, 259, 260, 261, 262, 263, 264, 265, 266, 267, 268, 269, 270, 271, 272, 273, 274, 275, 276, 277, 278, 279, 280, 281, 282, 283, 284, 285, 286, 287, 288, 289, 290, 291, 292, 293, 294, 295, 296, 297, 298, 299, 300, 301, 302, 303, 304, 305, 306, 307, 308, 309, 310, 311, 312, 313, 314, 315, 316, 317, 318, 319, 320, 321, 322, 323, 324, 325, 326, 327, 328, 329, 330, 331, 332, 333, 334, 335, 336, 337, 338, 339, 340, 341, 342, 343, 344, 345, 346, 347, 348, 349, 350, 351, 352, 353, 354, 355, 356, 357, 358, 359, 360, 361, 362, 363, 364, 365, 366, 367, 368, 369, 370, 371, 372, 373, 374, 375, 376, 377, 378, 379, 380, 381, 382, 383, 384, 385, 386, 387, 388, 389, 390, 391, 392, 393, 394, 395, 396, 397, 398, 399, 400, 401, 402, 403, 404, 405, 406, 407, 408, 409, 410, 411, 412, 413, 414, 415, 416, 417, 418, 419, 420, 421, 422, 423, 424, 425, 426, 427, 428, 429, 430, 431, 432, 433, 434, 435, 436, 437, 438, 439, 440, 441, 442, 443, 444, 445, 446, 447, 448, 449, 450, 451, 452, 453, 454, 455, 456, 457, 458, 459, 460, 461, 462, 463, 464, 465, 466, 467, 468, 469, 470, 471, 472, 473, 474, 475, 476, 477, 478, 479, 480, 481, 482, 483, 484, 485, 486, 487, 488, 489, 490, 491, 492, 493, 494, 495, 496, 497, 498, 499, 500, 


Solución Mejorada (twoOptMove & randomMove).
Instancia: ../Taillard/T500_20/t500_20.4.txt - Makespan: 27565 - TotalSecs: 23.9788
1, 356, 4, 6, 7, 8, 258, 464, 190, 359, 293, 54, 10, 11, 12, 15, 17, 18, 19, 22, 26, 289, 28, 29, 80, 30, 31, 194, 40, 106, 32, 33, 257, 34, 391, 38, 483, 39, 41, 413, 456, 43, 71, 44, 50, 51, 53, 55, 56, 318, 298, 57, 330, 237, 58, 5, 59, 83, 445, 392, 62, 65, 66, 67, 381, 68, 132, 276, 69, 70, 404, 72, 73, 74, 75, 500, 288, 79, 179, 81, 82, 84, 342, 86, 491, 88, 493, 91, 147, 20, 328, 96, 64, 104, 102, 103, 105, 78, 13, 163, 107, 108, 396, 109, 98, 110, 113, 115, 117, 118, 120, 121, 275, 95, 122, 374, 63, 123, 167, 112, 124, 125, 422, 129, 60, 130, 131, 114, 134, 178, 136, 137, 138, 93, 139, 140, 141, 133, 77, 144, 285, 145, 146, 150, 154, 155, 189, 156, 157, 159, 151, 161, 383, 162, 165, 168, 169, 279, 170, 171, 172, 111, 173, 175, 52, 176, 207, 166, 177, 37, 142, 453, 180, 181, 182, 184, 185, 186, 191, 192, 469, 193, 195, 85, 197, 196, 199, 97, 202, 204, 205, 206, 143, 210, 127, 211, 358, 212, 87, 213, 214, 152, 49, 217, 218, 200, 219, 220, 221, 324, 222, 223, 224, 226, 236, 228, 320, 229, 230, 231, 9, 232, 233, 149, 234, 235, 216, 238, 239, 294, 99, 240, 242, 208, 496, 244, 450, 247, 248, 215, 251, 252, 254, 256, 35, 259, 329, 261, 262, 263, 264, 497, 267, 47, 268, 269, 270, 271, 272, 273, 311, 485, 24, 277, 278, 25, 490, 253, 164, 425, 280, 281, 282, 283, 284, 286, 287, 148, 290, 126, 246, 89, 292, 295, 158, 296, 297, 299, 300, 301, 198, 302, 304, 307, 2, 410, 354, 366, 308, 309, 310, 312, 313, 355, 314, 315, 316, 153, 260, 317, 480, 203, 187, 319, 48, 321, 322, 36, 323, 325, 494, 250, 326, 188, 327, 331, 265, 332, 333, 334, 336, 241, 337, 338, 339, 119, 340, 343, 365, 305, 345, 303, 335, 478, 347, 348, 351, 352, 353, 473, 357, 360, 361, 363, 364, 367, 368, 369, 371, 372, 128, 420, 373, 375, 376, 427, 27, 377, 379, 384, 385, 416, 160, 386, 387, 362, 442, 389, 378, 393, 394, 395, 479, 397, 398, 399, 400, 402, 403, 405, 406, 407, 408, 409, 411, 471, 92, 209, 412, 42, 414, 46, 415, 437, 417, 419, 421, 423, 424, 426, 428, 100, 344, 346, 390, 429, 101, 418, 430, 431, 432, 433, 451, 135, 183, 45, 434, 435, 388, 438, 440, 441, 249, 225, 446, 443, 436, 444, 61, 255, 447, 94, 449, 460, 452, 454, 455, 341, 21, 274, 457, 458, 459, 474, 461, 462, 463, 465, 466, 467, 23, 448, 468, 470, 116, 380, 3, 472, 475, 476, 382, 498, 499, 477, 349, 76, 370, 201, 481, 174, 482, 484, 486, 245, 350, 487, 291, 16, 488, 489, 492, 495, 306, 14, 227, 90, 401, 266, 439, 243, 


Solución Inicial Lexicographica.
Instancia: ../Taillard/T500_20/t500_20.5.txt - Makespan: 30099 - TotalSecs: 0
1, 2, 3, 4, 5, 6, 7, 8, 9, 10, 11, 12, 13, 14, 15, 16, 17, 18, 19, 20, 21, 22, 23, 24, 25, 26, 27, 28, 29, 30, 31, 32, 33, 34, 35, 36, 37, 38, 39, 40, 41, 42, 43, 44, 45, 46, 47, 48, 49, 50, 51, 52, 53, 54, 55, 56, 57, 58, 59, 60, 61, 62, 63, 64, 65, 66, 67, 68, 69, 70, 71, 72, 73, 74, 75, 76, 77, 78, 79, 80, 81, 82, 83, 84, 85, 86, 87, 88, 89, 90, 91, 92, 93, 94, 95, 96, 97, 98, 99, 100, 101, 102, 103, 104, 105, 106, 107, 108, 109, 110, 111, 112, 113, 114, 115, 116, 117, 118, 119, 120, 121, 122, 123, 124, 125, 126, 127, 128, 129, 130, 131, 132, 133, 134, 135, 136, 137, 138, 139, 140, 141, 142, 143, 144, 145, 146, 147, 148, 149, 150, 151, 152, 153, 154, 155, 156, 157, 158, 159, 160, 161, 162, 163, 164, 165, 166, 167, 168, 169, 170, 171, 172, 173, 174, 175, 176, 177, 178, 179, 180, 181, 182, 183, 184, 185, 186, 187, 188, 189, 190, 191, 192, 193, 194, 195, 196, 197, 198, 199, 200, 201, 202, 203, 204, 205, 206, 207, 208, 209, 210, 211, 212, 213, 214, 215, 216, 217, 218, 219, 220, 221, 222, 223, 224, 225, 226, 227, 228, 229, 230, 231, 232, 233, 234, 235, 236, 237, 238, 239, 240, 241, 242, 243, 244, 245, 246, 247, 248, 249, 250, 251, 252, 253, 254, 255, 256, 257, 258, 259, 260, 261, 262, 263, 264, 265, 266, 267, 268, 269, 270, 271, 272, 273, 274, 275, 276, 277, 278, 279, 280, 281, 282, 283, 284, 285, 286, 287, 288, 289, 290, 291, 292, 293, 294, 295, 296, 297, 298, 299, 300, 301, 302, 303, 304, 305, 306, 307, 308, 309, 310, 311, 312, 313, 314, 315, 316, 317, 318, 319, 320, 321, 322, 323, 324, 325, 326, 327, 328, 329, 330, 331, 332, 333, 334, 335, 336, 337, 338, 339, 340, 341, 342, 343, 344, 345, 346, 347, 348, 349, 350, 351, 352, 353, 354, 355, 356, 357, 358, 359, 360, 361, 362, 363, 364, 365, 366, 367, 368, 369, 370, 371, 372, 373, 374, 375, 376, 377, 378, 379, 380, 381, 382, 383, 384, 385, 386, 387, 388, 389, 390, 391, 392, 393, 394, 395, 396, 397, 398, 399, 400, 401, 402, 403, 404, 405, 406, 407, 408, 409, 410, 411, 412, 413, 414, 415, 416, 417, 418, 419, 420, 421, 422, 423, 424, 425, 426, 427, 428, 429, 430, 431, 432, 433, 434, 435, 436, 437, 438, 439, 440, 441, 442, 443, 444, 445, 446, 447, 448, 449, 450, 451, 452, 453, 454, 455, 456, 457, 458, 459, 460, 461, 462, 463, 464, 465, 466, 467, 468, 469, 470, 471, 472, 473, 474, 475, 476, 477, 478, 479, 480, 481, 482, 483, 484, 485, 486, 487, 488, 489, 490, 491, 492, 493, 494, 495, 496, 497, 498, 499, 500, 


Solución Mejorada (twoOptMove & randomMove).
Instancia: ../Taillard/T500_20/t500_20.5.txt - Makespan: 27554 - TotalSecs: 23.8773
255, 318, 1, 2, 137, 114, 492, 3, 433, 5, 197, 475, 160, 7, 8, 389, 12, 13, 124, 14, 385, 17, 19, 151, 20, 344, 217, 166, 22, 429, 423, 25, 439, 258, 26, 225, 88, 28, 31, 32, 33, 34, 36, 39, 126, 206, 480, 358, 11, 95, 172, 43, 44, 362, 49, 192, 50, 384, 56, 23, 57, 58, 132, 59, 41, 295, 61, 62, 73, 110, 242, 66, 440, 410, 67, 426, 70, 71, 84, 72, 432, 74, 365, 75, 76, 200, 77, 271, 78, 79, 80, 82, 161, 83, 314, 205, 87, 89, 354, 90, 91, 93, 94, 65, 96, 98, 100, 103, 247, 104, 105, 106, 305, 27, 107, 121, 108, 102, 111, 115, 190, 412, 424, 382, 496, 448, 46, 120, 63, 158, 259, 328, 125, 127, 128, 130, 18, 131, 187, 135, 138, 139, 140, 6, 101, 141, 142, 143, 144, 145, 164, 193, 148, 191, 150, 152, 154, 155, 277, 97, 157, 159, 162, 37, 9, 163, 153, 165, 167, 169, 171, 173, 174, 175, 176, 177, 179, 85, 38, 180, 347, 229, 182, 183, 185, 186, 189, 194, 119, 198, 270, 199, 203, 204, 208, 210, 212, 213, 443, 243, 178, 215, 226, 218, 48, 55, 220, 221, 224, 35, 228, 231, 147, 235, 232, 233, 129, 234, 236, 237, 238, 244, 29, 246, 248, 184, 249, 250, 223, 118, 51, 117, 254, 256, 257, 317, 462, 47, 230, 260, 261, 286, 262, 265, 136, 266, 268, 207, 272, 274, 275, 240, 123, 276, 251, 449, 219, 280, 281, 282, 283, 285, 188, 253, 288, 289, 290, 291, 292, 293, 296, 113, 297, 298, 168, 299, 300, 156, 301, 112, 302, 303, 116, 306, 307, 308, 309, 310, 311, 313, 315, 53, 458, 316, 319, 81, 321, 322, 92, 476, 323, 325, 326, 327, 269, 329, 470, 330, 331, 394, 332, 334, 336, 337, 338, 133, 340, 342, 343, 346, 348, 350, 351, 352, 64, 399, 349, 353, 355, 356, 357, 359, 360, 361, 363, 335, 364, 366, 211, 409, 320, 367, 368, 339, 370, 371, 425, 372, 181, 374, 375, 376, 377, 379, 380, 381, 383, 386, 345, 387, 388, 21, 52, 369, 441, 390, 391, 392, 393, 239, 396, 397, 30, 398, 284, 400, 401, 402, 487, 373, 403, 404, 406, 407, 408, 494, 411, 294, 69, 413, 414, 415, 416, 419, 86, 420, 252, 421, 216, 149, 427, 467, 241, 428, 430, 273, 431, 4, 434, 435, 395, 459, 40, 463, 436, 45, 437, 109, 60, 438, 278, 417, 324, 99, 202, 442, 134, 456, 209, 444, 445, 446, 447, 54, 452, 42, 450, 453, 264, 68, 454, 455, 457, 422, 201, 460, 263, 461, 378, 478, 227, 405, 196, 464, 465, 451, 170, 466, 146, 468, 304, 341, 15, 10, 469, 472, 473, 474, 477, 333, 479, 418, 481, 245, 214, 287, 482, 279, 24, 483, 484, 485, 486, 267, 471, 500, 488, 312, 222, 489, 490, 491, 493, 495, 122, 497, 498, 499, 16, 195, 


Solución Inicial Lexicographica.
Instancia: ../Taillard/T500_20/t500_20.6.txt - Makespan: 30946 - TotalSecs: 0
1, 2, 3, 4, 5, 6, 7, 8, 9, 10, 11, 12, 13, 14, 15, 16, 17, 18, 19, 20, 21, 22, 23, 24, 25, 26, 27, 28, 29, 30, 31, 32, 33, 34, 35, 36, 37, 38, 39, 40, 41, 42, 43, 44, 45, 46, 47, 48, 49, 50, 51, 52, 53, 54, 55, 56, 57, 58, 59, 60, 61, 62, 63, 64, 65, 66, 67, 68, 69, 70, 71, 72, 73, 74, 75, 76, 77, 78, 79, 80, 81, 82, 83, 84, 85, 86, 87, 88, 89, 90, 91, 92, 93, 94, 95, 96, 97, 98, 99, 100, 101, 102, 103, 104, 105, 106, 107, 108, 109, 110, 111, 112, 113, 114, 115, 116, 117, 118, 119, 120, 121, 122, 123, 124, 125, 126, 127, 128, 129, 130, 131, 132, 133, 134, 135, 136, 137, 138, 139, 140, 141, 142, 143, 144, 145, 146, 147, 148, 149, 150, 151, 152, 153, 154, 155, 156, 157, 158, 159, 160, 161, 162, 163, 164, 165, 166, 167, 168, 169, 170, 171, 172, 173, 174, 175, 176, 177, 178, 179, 180, 181, 182, 183, 184, 185, 186, 187, 188, 189, 190, 191, 192, 193, 194, 195, 196, 197, 198, 199, 200, 201, 202, 203, 204, 205, 206, 207, 208, 209, 210, 211, 212, 213, 214, 215, 216, 217, 218, 219, 220, 221, 222, 223, 224, 225, 226, 227, 228, 229, 230, 231, 232, 233, 234, 235, 236, 237, 238, 239, 240, 241, 242, 243, 244, 245, 246, 247, 248, 249, 250, 251, 252, 253, 254, 255, 256, 257, 258, 259, 260, 261, 262, 263, 264, 265, 266, 267, 268, 269, 270, 271, 272, 273, 274, 275, 276, 277, 278, 279, 280, 281, 282, 283, 284, 285, 286, 287, 288, 289, 290, 291, 292, 293, 294, 295, 296, 297, 298, 299, 300, 301, 302, 303, 304, 305, 306, 307, 308, 309, 310, 311, 312, 313, 314, 315, 316, 317, 318, 319, 320, 321, 322, 323, 324, 325, 326, 327, 328, 329, 330, 331, 332, 333, 334, 335, 336, 337, 338, 339, 340, 341, 342, 343, 344, 345, 346, 347, 348, 349, 350, 351, 352, 353, 354, 355, 356, 357, 358, 359, 360, 361, 362, 363, 364, 365, 366, 367, 368, 369, 370, 371, 372, 373, 374, 375, 376, 377, 378, 379, 380, 381, 382, 383, 384, 385, 386, 387, 388, 389, 390, 391, 392, 393, 394, 395, 396, 397, 398, 399, 400, 401, 402, 403, 404, 405, 406, 407, 408, 409, 410, 411, 412, 413, 414, 415, 416, 417, 418, 419, 420, 421, 422, 423, 424, 425, 426, 427, 428, 429, 430, 431, 432, 433, 434, 435, 436, 437, 438, 439, 440, 441, 442, 443, 444, 445, 446, 447, 448, 449, 450, 451, 452, 453, 454, 455, 456, 457, 458, 459, 460, 461, 462, 463, 464, 465, 466, 467, 468, 469, 470, 471, 472, 473, 474, 475, 476, 477, 478, 479, 480, 481, 482, 483, 484, 485, 486, 487, 488, 489, 490, 491, 492, 493, 494, 495, 496, 497, 498, 499, 500, 


Solución Mejorada (twoOptMove & randomMove).
Instancia: ../Taillard/T500_20/t500_20.6.txt - Makespan: 27845 - TotalSecs: 23.7051
1, 220, 500, 3, 130, 4, 468, 139, 7, 129, 497, 8, 9, 10, 11, 12, 13, 17, 18, 20, 195, 495, 294, 405, 320, 24, 369, 25, 26, 30, 288, 31, 411, 163, 36, 37, 38, 126, 40, 49, 164, 68, 42, 193, 41, 44, 317, 45, 29, 187, 51, 420, 55, 56, 57, 318, 59, 2, 113, 61, 489, 39, 15, 62, 64, 215, 66, 177, 270, 69, 71, 72, 73, 75, 43, 479, 76, 77, 78, 222, 79, 80, 81, 82, 91, 486, 290, 83, 84, 85, 87, 88, 89, 476, 90, 86, 92, 93, 94, 287, 95, 96, 141, 131, 97, 277, 475, 99, 355, 100, 102, 291, 103, 285, 104, 67, 105, 335, 107, 108, 109, 110, 201, 176, 115, 116, 117, 118, 267, 120, 121, 397, 134, 408, 122, 23, 123, 124, 127, 133, 47, 146, 138, 448, 140, 182, 143, 154, 19, 296, 144, 244, 232, 249, 152, 28, 415, 155, 156, 157, 135, 158, 316, 353, 159, 160, 171, 161, 169, 374, 128, 191, 172, 173, 174, 179, 180, 147, 181, 183, 494, 184, 185, 445, 339, 186, 63, 188, 226, 471, 334, 150, 426, 189, 190, 368, 192, 145, 228, 194, 196, 199, 132, 202, 206, 207, 208, 166, 210, 50, 211, 441, 358, 470, 268, 212, 214, 216, 217, 354, 165, 278, 225, 111, 227, 198, 213, 229, 230, 231, 233, 234, 235, 362, 246, 21, 236, 237, 162, 239, 238, 240, 498, 209, 241, 242, 243, 245, 274, 247, 248, 250, 251, 149, 451, 252, 253, 255, 219, 257, 200, 258, 259, 16, 260, 261, 395, 349, 263, 482, 167, 265, 46, 310, 218, 269, 326, 271, 205, 371, 203, 272, 125, 273, 178, 275, 276, 377, 279, 54, 281, 283, 284, 286, 292, 293, 295, 299, 300, 301, 302, 70, 303, 390, 304, 305, 101, 311, 492, 306, 307, 308, 53, 309, 137, 264, 114, 481, 312, 298, 314, 315, 319, 32, 321, 322, 323, 421, 324, 325, 256, 453, 378, 328, 329, 330, 331, 332, 333, 373, 365, 336, 142, 33, 297, 337, 136, 338, 340, 406, 343, 168, 345, 347, 197, 348, 350, 170, 289, 352, 356, 357, 359, 433, 403, 361, 363, 364, 366, 367, 370, 153, 372, 351, 327, 375, 376, 22, 379, 485, 34, 254, 380, 382, 499, 383, 384, 385, 386, 360, 387, 388, 389, 391, 119, 342, 151, 381, 6, 58, 392, 393, 394, 52, 396, 223, 398, 399, 400, 472, 402, 404, 14, 175, 224, 407, 409, 410, 413, 414, 344, 148, 60, 416, 417, 418, 419, 424, 478, 425, 427, 428, 429, 430, 48, 431, 432, 106, 487, 434, 282, 435, 313, 436, 437, 438, 74, 439, 440, 443, 341, 444, 446, 496, 447, 280, 449, 422, 450, 452, 65, 346, 454, 221, 455, 456, 457, 458, 459, 460, 412, 423, 112, 461, 493, 266, 462, 463, 464, 465, 467, 5, 401, 442, 262, 469, 473, 474, 98, 477, 480, 483, 484, 488, 490, 466, 35, 491, 204, 27, 


Solución Inicial Lexicographica.
Instancia: ../Taillard/T500_20/t500_20.7.txt - Makespan: 30792 - TotalSecs: 0
1, 2, 3, 4, 5, 6, 7, 8, 9, 10, 11, 12, 13, 14, 15, 16, 17, 18, 19, 20, 21, 22, 23, 24, 25, 26, 27, 28, 29, 30, 31, 32, 33, 34, 35, 36, 37, 38, 39, 40, 41, 42, 43, 44, 45, 46, 47, 48, 49, 50, 51, 52, 53, 54, 55, 56, 57, 58, 59, 60, 61, 62, 63, 64, 65, 66, 67, 68, 69, 70, 71, 72, 73, 74, 75, 76, 77, 78, 79, 80, 81, 82, 83, 84, 85, 86, 87, 88, 89, 90, 91, 92, 93, 94, 95, 96, 97, 98, 99, 100, 101, 102, 103, 104, 105, 106, 107, 108, 109, 110, 111, 112, 113, 114, 115, 116, 117, 118, 119, 120, 121, 122, 123, 124, 125, 126, 127, 128, 129, 130, 131, 132, 133, 134, 135, 136, 137, 138, 139, 140, 141, 142, 143, 144, 145, 146, 147, 148, 149, 150, 151, 152, 153, 154, 155, 156, 157, 158, 159, 160, 161, 162, 163, 164, 165, 166, 167, 168, 169, 170, 171, 172, 173, 174, 175, 176, 177, 178, 179, 180, 181, 182, 183, 184, 185, 186, 187, 188, 189, 190, 191, 192, 193, 194, 195, 196, 197, 198, 199, 200, 201, 202, 203, 204, 205, 206, 207, 208, 209, 210, 211, 212, 213, 214, 215, 216, 217, 218, 219, 220, 221, 222, 223, 224, 225, 226, 227, 228, 229, 230, 231, 232, 233, 234, 235, 236, 237, 238, 239, 240, 241, 242, 243, 244, 245, 246, 247, 248, 249, 250, 251, 252, 253, 254, 255, 256, 257, 258, 259, 260, 261, 262, 263, 264, 265, 266, 267, 268, 269, 270, 271, 272, 273, 274, 275, 276, 277, 278, 279, 280, 281, 282, 283, 284, 285, 286, 287, 288, 289, 290, 291, 292, 293, 294, 295, 296, 297, 298, 299, 300, 301, 302, 303, 304, 305, 306, 307, 308, 309, 310, 311, 312, 313, 314, 315, 316, 317, 318, 319, 320, 321, 322, 323, 324, 325, 326, 327, 328, 329, 330, 331, 332, 333, 334, 335, 336, 337, 338, 339, 340, 341, 342, 343, 344, 345, 346, 347, 348, 349, 350, 351, 352, 353, 354, 355, 356, 357, 358, 359, 360, 361, 362, 363, 364, 365, 366, 367, 368, 369, 370, 371, 372, 373, 374, 375, 376, 377, 378, 379, 380, 381, 382, 383, 384, 385, 386, 387, 388, 389, 390, 391, 392, 393, 394, 395, 396, 397, 398, 399, 400, 401, 402, 403, 404, 405, 406, 407, 408, 409, 410, 411, 412, 413, 414, 415, 416, 417, 418, 419, 420, 421, 422, 423, 424, 425, 426, 427, 428, 429, 430, 431, 432, 433, 434, 435, 436, 437, 438, 439, 440, 441, 442, 443, 444, 445, 446, 447, 448, 449, 450, 451, 452, 453, 454, 455, 456, 457, 458, 459, 460, 461, 462, 463, 464, 465, 466, 467, 468, 469, 470, 471, 472, 473, 474, 475, 476, 477, 478, 479, 480, 481, 482, 483, 484, 485, 486, 487, 488, 489, 490, 491, 492, 493, 494, 495, 496, 497, 498, 499, 500, 


Solución Mejorada (twoOptMove & randomMove).
Instancia: ../Taillard/T500_20/t500_20.7.txt - Makespan: 27384 - TotalSecs: 23.8493
464, 4, 221, 192, 144, 11, 153, 12, 13, 240, 93, 17, 462, 18, 422, 19, 20, 252, 21, 22, 313, 25, 26, 27, 151, 30, 31, 29, 37, 38, 397, 352, 39, 48, 290, 7, 40, 391, 42, 43, 321, 44, 425, 281, 497, 62, 471, 55, 472, 49, 52, 32, 56, 209, 57, 106, 2, 58, 59, 60, 61, 95, 64, 275, 66, 360, 82, 68, 71, 72, 75, 78, 76, 77, 441, 79, 214, 442, 81, 85, 83, 87, 54, 89, 80, 90, 218, 91, 94, 277, 171, 97, 98, 99, 100, 101, 325, 190, 295, 102, 103, 119, 104, 105, 107, 53, 109, 322, 110, 111, 34, 112, 113, 115, 117, 365, 125, 445, 127, 129, 140, 158, 460, 184, 378, 416, 130, 131, 187, 389, 341, 132, 133, 229, 134, 1, 260, 137, 138, 86, 254, 47, 65, 145, 8, 146, 459, 148, 150, 152, 155, 156, 157, 159, 114, 160, 162, 139, 73, 245, 163, 108, 420, 166, 167, 169, 170, 172, 173, 174, 175, 118, 177, 217, 178, 179, 180, 182, 120, 202, 126, 188, 340, 444, 191, 116, 141, 10, 215, 194, 14, 23, 350, 196, 197, 198, 211, 199, 200, 201, 344, 203, 168, 205, 463, 208, 210, 212, 481, 213, 216, 220, 128, 222, 223, 384, 224, 225, 226, 227, 251, 230, 154, 232, 412, 234, 235, 238, 239, 241, 243, 195, 207, 368, 246, 51, 189, 247, 122, 248, 35, 250, 253, 255, 6, 461, 256, 259, 9, 261, 262, 263, 219, 264, 50, 3, 267, 268, 269, 270, 271, 272, 274, 372, 278, 280, 282, 284, 164, 286, 287, 5, 289, 291, 185, 319, 292, 206, 296, 265, 297, 415, 298, 299, 300, 301, 302, 303, 293, 92, 304, 305, 306, 307, 308, 24, 70, 309, 379, 310, 311, 312, 237, 314, 401, 45, 316, 317, 257, 457, 331, 318, 320, 273, 323, 403, 161, 324, 276, 326, 327, 328, 288, 329, 330, 204, 495, 356, 332, 335, 393, 336, 337, 338, 351, 339, 333, 342, 63, 147, 294, 74, 408, 343, 345, 346, 347, 448, 348, 176, 349, 353, 242, 355, 409, 279, 357, 359, 400, 361, 362, 358, 364, 84, 458, 367, 369, 370, 371, 373, 374, 376, 377, 33, 385, 36, 486, 258, 380, 381, 382, 366, 383, 386, 387, 193, 390, 392, 388, 69, 41, 395, 427, 396, 123, 249, 440, 143, 398, 399, 402, 406, 407, 410, 411, 413, 88, 414, 394, 417, 418, 419, 231, 421, 136, 28, 424, 405, 149, 426, 354, 283, 428, 429, 430, 431, 432, 433, 434, 435, 285, 438, 67, 443, 446, 447, 449, 450, 476, 451, 236, 452, 453, 454, 228, 455, 315, 404, 465, 466, 467, 334, 468, 469, 266, 470, 183, 46, 439, 473, 186, 474, 475, 437, 477, 478, 479, 480, 124, 482, 15, 483, 484, 485, 487, 165, 488, 489, 181, 456, 490, 491, 142, 423, 492, 135, 493, 494, 496, 436, 498, 499, 16, 500, 96, 363, 233, 121, 375, 244, 


Solución Inicial Lexicographica.
Instancia: ../Taillard/T500_20/t500_20.8.txt - Makespan: 31034 - TotalSecs: 0
1, 2, 3, 4, 5, 6, 7, 8, 9, 10, 11, 12, 13, 14, 15, 16, 17, 18, 19, 20, 21, 22, 23, 24, 25, 26, 27, 28, 29, 30, 31, 32, 33, 34, 35, 36, 37, 38, 39, 40, 41, 42, 43, 44, 45, 46, 47, 48, 49, 50, 51, 52, 53, 54, 55, 56, 57, 58, 59, 60, 61, 62, 63, 64, 65, 66, 67, 68, 69, 70, 71, 72, 73, 74, 75, 76, 77, 78, 79, 80, 81, 82, 83, 84, 85, 86, 87, 88, 89, 90, 91, 92, 93, 94, 95, 96, 97, 98, 99, 100, 101, 102, 103, 104, 105, 106, 107, 108, 109, 110, 111, 112, 113, 114, 115, 116, 117, 118, 119, 120, 121, 122, 123, 124, 125, 126, 127, 128, 129, 130, 131, 132, 133, 134, 135, 136, 137, 138, 139, 140, 141, 142, 143, 144, 145, 146, 147, 148, 149, 150, 151, 152, 153, 154, 155, 156, 157, 158, 159, 160, 161, 162, 163, 164, 165, 166, 167, 168, 169, 170, 171, 172, 173, 174, 175, 176, 177, 178, 179, 180, 181, 182, 183, 184, 185, 186, 187, 188, 189, 190, 191, 192, 193, 194, 195, 196, 197, 198, 199, 200, 201, 202, 203, 204, 205, 206, 207, 208, 209, 210, 211, 212, 213, 214, 215, 216, 217, 218, 219, 220, 221, 222, 223, 224, 225, 226, 227, 228, 229, 230, 231, 232, 233, 234, 235, 236, 237, 238, 239, 240, 241, 242, 243, 244, 245, 246, 247, 248, 249, 250, 251, 252, 253, 254, 255, 256, 257, 258, 259, 260, 261, 262, 263, 264, 265, 266, 267, 268, 269, 270, 271, 272, 273, 274, 275, 276, 277, 278, 279, 280, 281, 282, 283, 284, 285, 286, 287, 288, 289, 290, 291, 292, 293, 294, 295, 296, 297, 298, 299, 300, 301, 302, 303, 304, 305, 306, 307, 308, 309, 310, 311, 312, 313, 314, 315, 316, 317, 318, 319, 320, 321, 322, 323, 324, 325, 326, 327, 328, 329, 330, 331, 332, 333, 334, 335, 336, 337, 338, 339, 340, 341, 342, 343, 344, 345, 346, 347, 348, 349, 350, 351, 352, 353, 354, 355, 356, 357, 358, 359, 360, 361, 362, 363, 364, 365, 366, 367, 368, 369, 370, 371, 372, 373, 374, 375, 376, 377, 378, 379, 380, 381, 382, 383, 384, 385, 386, 387, 388, 389, 390, 391, 392, 393, 394, 395, 396, 397, 398, 399, 400, 401, 402, 403, 404, 405, 406, 407, 408, 409, 410, 411, 412, 413, 414, 415, 416, 417, 418, 419, 420, 421, 422, 423, 424, 425, 426, 427, 428, 429, 430, 431, 432, 433, 434, 435, 436, 437, 438, 439, 440, 441, 442, 443, 444, 445, 446, 447, 448, 449, 450, 451, 452, 453, 454, 455, 456, 457, 458, 459, 460, 461, 462, 463, 464, 465, 466, 467, 468, 469, 470, 471, 472, 473, 474, 475, 476, 477, 478, 479, 480, 481, 482, 483, 484, 485, 486, 487, 488, 489, 490, 491, 492, 493, 494, 495, 496, 497, 498, 499, 500, 


Solución Mejorada (twoOptMove & randomMove).
Instancia: ../Taillard/T500_20/t500_20.8.txt - Makespan: 27886 - TotalSecs: 23.4638
495, 346, 465, 1, 2, 3, 118, 450, 184, 4, 477, 5, 6, 7, 9, 287, 10, 71, 11, 107, 269, 64, 13, 14, 15, 17, 401, 20, 384, 22, 494, 100, 156, 225, 171, 27, 28, 29, 372, 30, 31, 33, 35, 25, 306, 39, 42, 43, 40, 44, 190, 47, 431, 49, 50, 51, 52, 472, 244, 144, 54, 61, 66, 67, 62, 70, 166, 308, 72, 76, 78, 79, 228, 462, 82, 276, 37, 84, 85, 87, 88, 89, 91, 60, 147, 281, 436, 93, 95, 155, 172, 99, 101, 397, 457, 103, 105, 108, 432, 453, 359, 109, 111, 112, 374, 113, 348, 114, 115, 116, 19, 461, 119, 121, 122, 124, 126, 127, 129, 159, 131, 132, 133, 38, 259, 134, 234, 135, 136, 405, 139, 81, 140, 141, 142, 267, 143, 145, 146, 158, 148, 418, 149, 150, 151, 152, 304, 237, 94, 227, 189, 120, 98, 160, 83, 207, 167, 169, 162, 233, 170, 56, 174, 24, 175, 176, 75, 224, 177, 178, 179, 182, 337, 183, 186, 378, 298, 218, 191, 193, 274, 195, 196, 334, 197, 74, 198, 199, 200, 441, 260, 201, 202, 403, 203, 435, 205, 391, 206, 208, 209, 210, 213, 349, 214, 215, 163, 216, 219, 220, 92, 476, 55, 263, 221, 222, 223, 415, 125, 97, 12, 229, 106, 230, 493, 110, 232, 235, 238, 239, 240, 241, 242, 243, 246, 265, 314, 248, 249, 252, 253, 467, 254, 255, 256, 192, 257, 128, 137, 275, 258, 286, 388, 117, 138, 329, 21, 261, 262, 485, 264, 479, 326, 180, 266, 399, 273, 270, 271, 272, 277, 279, 280, 426, 323, 382, 282, 291, 283, 284, 285, 288, 289, 293, 290, 296, 297, 300, 301, 302, 303, 321, 305, 164, 309, 310, 463, 311, 312, 313, 247, 315, 377, 316, 185, 490, 317, 318, 96, 319, 322, 324, 325, 245, 327, 328, 331, 332, 333, 34, 335, 336, 338, 339, 68, 340, 188, 341, 342, 343, 344, 123, 347, 18, 165, 350, 406, 351, 352, 32, 353, 278, 345, 73, 354, 355, 470, 356, 53, 357, 358, 292, 360, 361, 362, 363, 364, 439, 8, 367, 368, 369, 370, 371, 375, 157, 376, 387, 379, 380, 153, 69, 381, 383, 45, 385, 386, 80, 90, 181, 204, 390, 392, 393, 57, 26, 394, 395, 41, 396, 398, 400, 402, 404, 407, 408, 409, 480, 410, 294, 411, 460, 373, 412, 154, 413, 173, 414, 416, 417, 419, 299, 420, 421, 422, 423, 424, 63, 425, 427, 366, 428, 429, 77, 484, 389, 430, 187, 251, 433, 434, 488, 496, 23, 104, 437, 231, 438, 440, 16, 48, 442, 443, 130, 444, 445, 446, 447, 451, 58, 452, 449, 250, 454, 455, 456, 458, 102, 236, 459, 448, 59, 464, 46, 466, 168, 468, 194, 469, 217, 471, 473, 211, 226, 36, 295, 474, 475, 500, 478, 307, 161, 481, 482, 483, 320, 486, 212, 487, 365, 489, 491, 492, 65, 499, 497, 498, 86, 330, 268, 


Solución Inicial Lexicographica.
Instancia: ../Taillard/T500_20/t500_20.9.txt - Makespan: 30634 - TotalSecs: 0
1, 2, 3, 4, 5, 6, 7, 8, 9, 10, 11, 12, 13, 14, 15, 16, 17, 18, 19, 20, 21, 22, 23, 24, 25, 26, 27, 28, 29, 30, 31, 32, 33, 34, 35, 36, 37, 38, 39, 40, 41, 42, 43, 44, 45, 46, 47, 48, 49, 50, 51, 52, 53, 54, 55, 56, 57, 58, 59, 60, 61, 62, 63, 64, 65, 66, 67, 68, 69, 70, 71, 72, 73, 74, 75, 76, 77, 78, 79, 80, 81, 82, 83, 84, 85, 86, 87, 88, 89, 90, 91, 92, 93, 94, 95, 96, 97, 98, 99, 100, 101, 102, 103, 104, 105, 106, 107, 108, 109, 110, 111, 112, 113, 114, 115, 116, 117, 118, 119, 120, 121, 122, 123, 124, 125, 126, 127, 128, 129, 130, 131, 132, 133, 134, 135, 136, 137, 138, 139, 140, 141, 142, 143, 144, 145, 146, 147, 148, 149, 150, 151, 152, 153, 154, 155, 156, 157, 158, 159, 160, 161, 162, 163, 164, 165, 166, 167, 168, 169, 170, 171, 172, 173, 174, 175, 176, 177, 178, 179, 180, 181, 182, 183, 184, 185, 186, 187, 188, 189, 190, 191, 192, 193, 194, 195, 196, 197, 198, 199, 200, 201, 202, 203, 204, 205, 206, 207, 208, 209, 210, 211, 212, 213, 214, 215, 216, 217, 218, 219, 220, 221, 222, 223, 224, 225, 226, 227, 228, 229, 230, 231, 232, 233, 234, 235, 236, 237, 238, 239, 240, 241, 242, 243, 244, 245, 246, 247, 248, 249, 250, 251, 252, 253, 254, 255, 256, 257, 258, 259, 260, 261, 262, 263, 264, 265, 266, 267, 268, 269, 270, 271, 272, 273, 274, 275, 276, 277, 278, 279, 280, 281, 282, 283, 284, 285, 286, 287, 288, 289, 290, 291, 292, 293, 294, 295, 296, 297, 298, 299, 300, 301, 302, 303, 304, 305, 306, 307, 308, 309, 310, 311, 312, 313, 314, 315, 316, 317, 318, 319, 320, 321, 322, 323, 324, 325, 326, 327, 328, 329, 330, 331, 332, 333, 334, 335, 336, 337, 338, 339, 340, 341, 342, 343, 344, 345, 346, 347, 348, 349, 350, 351, 352, 353, 354, 355, 356, 357, 358, 359, 360, 361, 362, 363, 364, 365, 366, 367, 368, 369, 370, 371, 372, 373, 374, 375, 376, 377, 378, 379, 380, 381, 382, 383, 384, 385, 386, 387, 388, 389, 390, 391, 392, 393, 394, 395, 396, 397, 398, 399, 400, 401, 402, 403, 404, 405, 406, 407, 408, 409, 410, 411, 412, 413, 414, 415, 416, 417, 418, 419, 420, 421, 422, 423, 424, 425, 426, 427, 428, 429, 430, 431, 432, 433, 434, 435, 436, 437, 438, 439, 440, 441, 442, 443, 444, 445, 446, 447, 448, 449, 450, 451, 452, 453, 454, 455, 456, 457, 458, 459, 460, 461, 462, 463, 464, 465, 466, 467, 468, 469, 470, 471, 472, 473, 474, 475, 476, 477, 478, 479, 480, 481, 482, 483, 484, 485, 486, 487, 488, 489, 490, 491, 492, 493, 494, 495, 496, 497, 498, 499, 500, 


Solución Mejorada (twoOptMove & randomMove).
Instancia: ../Taillard/T500_20/t500_20.9.txt - Makespan: 27567 - TotalSecs: 23.8237
1, 303, 7, 224, 350, 124, 6, 8, 9, 331, 86, 191, 51, 10, 11, 12, 14, 16, 17, 18, 499, 31, 20, 237, 500, 287, 21, 332, 5, 116, 23, 24, 477, 487, 25, 484, 13, 383, 26, 27, 2, 28, 36, 428, 33, 436, 35, 37, 229, 38, 29, 246, 42, 310, 44, 252, 45, 46, 203, 470, 118, 48, 52, 398, 53, 291, 271, 459, 55, 231, 39, 56, 57, 309, 305, 58, 354, 59, 387, 340, 61, 62, 64, 65, 66, 154, 67, 68, 69, 71, 73, 74, 75, 128, 76, 457, 43, 78, 348, 80, 141, 81, 83, 448, 84, 344, 72, 85, 216, 409, 89, 90, 91, 92, 94, 485, 95, 96, 236, 238, 97, 98, 99, 110, 105, 100, 101, 104, 108, 493, 401, 112, 491, 117, 63, 153, 242, 119, 120, 122, 463, 126, 127, 129, 130, 251, 132, 133, 134, 121, 374, 455, 135, 136, 137, 140, 143, 371, 144, 145, 146, 147, 148, 49, 385, 149, 456, 32, 151, 152, 446, 181, 88, 155, 156, 54, 286, 378, 424, 282, 158, 159, 161, 164, 165, 123, 167, 50, 461, 170, 466, 172, 173, 174, 473, 202, 175, 176, 204, 442, 177, 266, 179, 180, 182, 150, 183, 186, 188, 87, 434, 190, 4, 337, 213, 193, 196, 250, 125, 197, 339, 200, 201, 482, 404, 205, 206, 207, 208, 209, 168, 210, 211, 212, 169, 70, 215, 217, 218, 219, 221, 222, 225, 227, 232, 228, 230, 297, 184, 223, 278, 233, 234, 279, 421, 240, 241, 243, 313, 244, 138, 245, 247, 248, 40, 249, 253, 254, 255, 256, 257, 258, 260, 262, 263, 264, 265, 267, 178, 268, 269, 468, 458, 270, 273, 274, 394, 235, 276, 393, 280, 259, 281, 349, 114, 283, 284, 285, 288, 495, 22, 292, 293, 294, 131, 296, 453, 298, 299, 301, 302, 304, 414, 465, 306, 307, 308, 194, 449, 311, 312, 316, 318, 319, 320, 321, 163, 322, 162, 407, 323, 324, 325, 338, 326, 327, 317, 329, 330, 334, 77, 335, 336, 295, 352, 106, 261, 341, 160, 343, 345, 346, 142, 185, 166, 107, 347, 272, 41, 351, 353, 355, 356, 30, 357, 358, 359, 289, 360, 361, 403, 362, 189, 363, 364, 333, 365, 366, 367, 368, 377, 369, 370, 372, 373, 375, 376, 379, 171, 381, 382, 384, 386, 399, 389, 390, 391, 392, 300, 396, 102, 139, 397, 342, 395, 400, 79, 402, 405, 406, 410, 411, 412, 187, 415, 416, 408, 417, 418, 419, 488, 290, 420, 422, 423, 475, 425, 426, 15, 427, 3, 429, 103, 430, 431, 432, 47, 433, 157, 220, 435, 82, 437, 438, 439, 440, 441, 380, 226, 315, 443, 444, 445, 447, 450, 451, 452, 328, 195, 467, 454, 111, 199, 460, 462, 464, 413, 239, 469, 198, 275, 471, 472, 314, 474, 476, 388, 115, 109, 478, 93, 479, 480, 481, 483, 60, 486, 489, 192, 490, 492, 277, 113, 494, 496, 497, 498, 214, 34, 19, 


Solución Inicial Lexicographica.
Instancia: ../Taillard/T500_20/t500_20.10.txt - Makespan: 29092 - TotalSecs: 0
1, 2, 3, 4, 5, 6, 7, 8, 9, 10, 11, 12, 13, 14, 15, 16, 17, 18, 19, 20, 21, 22, 23, 24, 25, 26, 27, 28, 29, 30, 31, 32, 33, 34, 35, 36, 37, 38, 39, 40, 41, 42, 43, 44, 45, 46, 47, 48, 49, 50, 51, 52, 53, 54, 55, 56, 57, 58, 59, 60, 61, 62, 63, 64, 65, 66, 67, 68, 69, 70, 71, 72, 73, 74, 75, 76, 77, 78, 79, 80, 81, 82, 83, 84, 85, 86, 87, 88, 89, 90, 91, 92, 93, 94, 95, 96, 97, 98, 99, 100, 101, 102, 103, 104, 105, 106, 107, 108, 109, 110, 111, 112, 113, 114, 115, 116, 117, 118, 119, 120, 121, 122, 123, 124, 125, 126, 127, 128, 129, 130, 131, 132, 133, 134, 135, 136, 137, 138, 139, 140, 141, 142, 143, 144, 145, 146, 147, 148, 149, 150, 151, 152, 153, 154, 155, 156, 157, 158, 159, 160, 161, 162, 163, 164, 165, 166, 167, 168, 169, 170, 171, 172, 173, 174, 175, 176, 177, 178, 179, 180, 181, 182, 183, 184, 185, 186, 187, 188, 189, 190, 191, 192, 193, 194, 195, 196, 197, 198, 199, 200, 201, 202, 203, 204, 205, 206, 207, 208, 209, 210, 211, 212, 213, 214, 215, 216, 217, 218, 219, 220, 221, 222, 223, 224, 225, 226, 227, 228, 229, 230, 231, 232, 233, 234, 235, 236, 237, 238, 239, 240, 241, 242, 243, 244, 245, 246, 247, 248, 249, 250, 251, 252, 253, 254, 255, 256, 257, 258, 259, 260, 261, 262, 263, 264, 265, 266, 267, 268, 269, 270, 271, 272, 273, 274, 275, 276, 277, 278, 279, 280, 281, 282, 283, 284, 285, 286, 287, 288, 289, 290, 291, 292, 293, 294, 295, 296, 297, 298, 299, 300, 301, 302, 303, 304, 305, 306, 307, 308, 309, 310, 311, 312, 313, 314, 315, 316, 317, 318, 319, 320, 321, 322, 323, 324, 325, 326, 327, 328, 329, 330, 331, 332, 333, 334, 335, 336, 337, 338, 339, 340, 341, 342, 343, 344, 345, 346, 347, 348, 349, 350, 351, 352, 353, 354, 355, 356, 357, 358, 359, 360, 361, 362, 363, 364, 365, 366, 367, 368, 369, 370, 371, 372, 373, 374, 375, 376, 377, 378, 379, 380, 381, 382, 383, 384, 385, 386, 387, 388, 389, 390, 391, 392, 393, 394, 395, 396, 397, 398, 399, 400, 401, 402, 403, 404, 405, 406, 407, 408, 409, 410, 411, 412, 413, 414, 415, 416, 417, 418, 419, 420, 421, 422, 423, 424, 425, 426, 427, 428, 429, 430, 431, 432, 433, 434, 435, 436, 437, 438, 439, 440, 441, 442, 443, 444, 445, 446, 447, 448, 449, 450, 451, 452, 453, 454, 455, 456, 457, 458, 459, 460, 461, 462, 463, 464, 465, 466, 467, 468, 469, 470, 471, 472, 473, 474, 475, 476, 477, 478, 479, 480, 481, 482, 483, 484, 485, 486, 487, 488, 489, 490, 491, 492, 493, 494, 495, 496, 497, 498, 499, 500, 


Solución Mejorada (twoOptMove & randomMove).
Instancia: ../Taillard/T500_20/t500_20.10.txt - Makespan: 26447 - TotalSecs: 23.8475
371, 85, 304, 5, 6, 302, 118, 9, 129, 10, 298, 12, 104, 13, 43, 14, 203, 15, 121, 100, 472, 18, 19, 33, 21, 419, 23, 24, 341, 31, 32, 34, 36, 37, 38, 39, 40, 42, 259, 44, 45, 46, 47, 48, 49, 53, 54, 55, 56, 29, 57, 334, 58, 323, 160, 345, 377, 60, 218, 62, 63, 64, 65, 67, 332, 70, 73, 368, 74, 191, 208, 75, 76, 134, 78, 79, 81, 82, 83, 84, 88, 98, 89, 90, 91, 358, 92, 348, 93, 426, 95, 51, 99, 280, 222, 101, 163, 102, 103, 105, 106, 107, 331, 108, 109, 143, 110, 166, 112, 395, 113, 114, 284, 68, 197, 116, 119, 120, 122, 123, 233, 125, 322, 126, 128, 225, 212, 131, 135, 412, 96, 219, 133, 136, 188, 137, 138, 17, 139, 140, 141, 144, 145, 190, 146, 148, 150, 151, 154, 26, 155, 156, 159, 161, 164, 165, 230, 167, 168, 169, 170, 171, 172, 174, 177, 313, 178, 180, 182, 183, 184, 185, 186, 187, 189, 117, 297, 192, 195, 175, 179, 72, 196, 294, 20, 199, 207, 415, 200, 147, 201, 202, 235, 204, 193, 319, 205, 206, 28, 115, 3, 209, 210, 211, 213, 214, 71, 215, 216, 220, 223, 198, 244, 248, 224, 1, 226, 227, 228, 229, 231, 232, 342, 243, 234, 162, 433, 237, 238, 239, 35, 240, 242, 245, 246, 247, 249, 250, 324, 252, 453, 254, 255, 256, 257, 262, 327, 264, 253, 265, 266, 317, 258, 267, 7, 268, 269, 270, 454, 291, 273, 274, 275, 276, 278, 279, 352, 281, 282, 52, 283, 307, 285, 271, 221, 153, 261, 272, 450, 287, 288, 290, 142, 292, 414, 293, 236, 301, 474, 473, 295, 296, 11, 299, 260, 300, 303, 305, 306, 97, 309, 310, 439, 311, 312, 314, 315, 316, 61, 442, 217, 318, 263, 16, 320, 59, 326, 194, 328, 329, 127, 335, 152, 336, 337, 8, 339, 340, 241, 333, 416, 343, 344, 346, 347, 444, 349, 350, 351, 353, 86, 149, 447, 94, 354, 400, 355, 446, 356, 325, 357, 321, 364, 359, 360, 361, 25, 362, 363, 365, 366, 369, 370, 372, 373, 251, 374, 375, 376, 378, 379, 380, 381, 382, 383, 384, 385, 386, 387, 390, 391, 388, 111, 394, 157, 467, 396, 397, 398, 399, 401, 69, 402, 403, 405, 27, 406, 407, 408, 409, 410, 411, 413, 392, 389, 417, 418, 367, 420, 421, 423, 424, 425, 330, 434, 427, 435, 393, 428, 429, 430, 130, 431, 432, 422, 2, 30, 436, 77, 87, 404, 308, 22, 437, 80, 438, 440, 173, 441, 443, 445, 448, 449, 451, 455, 456, 457, 458, 286, 459, 460, 181, 462, 463, 464, 465, 466, 468, 469, 470, 471, 475, 289, 476, 132, 338, 477, 158, 176, 478, 479, 277, 480, 481, 482, 452, 483, 484, 50, 485, 486, 487, 488, 489, 66, 490, 491, 4, 492, 493, 494, 495, 41, 496, 497, 461, 498, 499, 500, 124, 
