

Solución Inicial Lexicographica.
Instancia: ../Taillard/T500_20/t500_20.1.txt - Makespan: 30121 - TotalSecs: 0
1, 2, 3, 4, 5, 6, 7, 8, 9, 10, 11, 12, 13, 14, 15, 16, 17, 18, 19, 20, 21, 22, 23, 24, 25, 26, 27, 28, 29, 30, 31, 32, 33, 34, 35, 36, 37, 38, 39, 40, 41, 42, 43, 44, 45, 46, 47, 48, 49, 50, 51, 52, 53, 54, 55, 56, 57, 58, 59, 60, 61, 62, 63, 64, 65, 66, 67, 68, 69, 70, 71, 72, 73, 74, 75, 76, 77, 78, 79, 80, 81, 82, 83, 84, 85, 86, 87, 88, 89, 90, 91, 92, 93, 94, 95, 96, 97, 98, 99, 100, 101, 102, 103, 104, 105, 106, 107, 108, 109, 110, 111, 112, 113, 114, 115, 116, 117, 118, 119, 120, 121, 122, 123, 124, 125, 126, 127, 128, 129, 130, 131, 132, 133, 134, 135, 136, 137, 138, 139, 140, 141, 142, 143, 144, 145, 146, 147, 148, 149, 150, 151, 152, 153, 154, 155, 156, 157, 158, 159, 160, 161, 162, 163, 164, 165, 166, 167, 168, 169, 170, 171, 172, 173, 174, 175, 176, 177, 178, 179, 180, 181, 182, 183, 184, 185, 186, 187, 188, 189, 190, 191, 192, 193, 194, 195, 196, 197, 198, 199, 200, 201, 202, 203, 204, 205, 206, 207, 208, 209, 210, 211, 212, 213, 214, 215, 216, 217, 218, 219, 220, 221, 222, 223, 224, 225, 226, 227, 228, 229, 230, 231, 232, 233, 234, 235, 236, 237, 238, 239, 240, 241, 242, 243, 244, 245, 246, 247, 248, 249, 250, 251, 252, 253, 254, 255, 256, 257, 258, 259, 260, 261, 262, 263, 264, 265, 266, 267, 268, 269, 270, 271, 272, 273, 274, 275, 276, 277, 278, 279, 280, 281, 282, 283, 284, 285, 286, 287, 288, 289, 290, 291, 292, 293, 294, 295, 296, 297, 298, 299, 300, 301, 302, 303, 304, 305, 306, 307, 308, 309, 310, 311, 312, 313, 314, 315, 316, 317, 318, 319, 320, 321, 322, 323, 324, 325, 326, 327, 328, 329, 330, 331, 332, 333, 334, 335, 336, 337, 338, 339, 340, 341, 342, 343, 344, 345, 346, 347, 348, 349, 350, 351, 352, 353, 354, 355, 356, 357, 358, 359, 360, 361, 362, 363, 364, 365, 366, 367, 368, 369, 370, 371, 372, 373, 374, 375, 376, 377, 378, 379, 380, 381, 382, 383, 384, 385, 386, 387, 388, 389, 390, 391, 392, 393, 394, 395, 396, 397, 398, 399, 400, 401, 402, 403, 404, 405, 406, 407, 408, 409, 410, 411, 412, 413, 414, 415, 416, 417, 418, 419, 420, 421, 422, 423, 424, 425, 426, 427, 428, 429, 430, 431, 432, 433, 434, 435, 436, 437, 438, 439, 440, 441, 442, 443, 444, 445, 446, 447, 448, 449, 450, 451, 452, 453, 454, 455, 456, 457, 458, 459, 460, 461, 462, 463, 464, 465, 466, 467, 468, 469, 470, 471, 472, 473, 474, 475, 476, 477, 478, 479, 480, 481, 482, 483, 484, 485, 486, 487, 488, 489, 490, 491, 492, 493, 494, 495, 496, 497, 498, 499, 500, 


Solución Mejorada (twoOptMove & randomMove).
Instancia: ../Taillard/T500_20/t500_20.1.txt - Makespan: 26991 - TotalSecs: 64.2138
242, 183, 1, 140, 2, 378, 5, 405, 499, 7, 8, 15, 9, 461, 10, 11, 14, 129, 16, 411, 18, 155, 22, 452, 23, 25, 26, 27, 201, 493, 204, 308, 72, 31, 327, 56, 235, 33, 34, 496, 121, 35, 29, 485, 436, 36, 324, 40, 41, 42, 57, 43, 166, 32, 45, 174, 46, 222, 47, 44, 49, 104, 61, 51, 117, 260, 52, 53, 410, 250, 276, 37, 58, 59, 60, 325, 63, 12, 66, 224, 145, 68, 69, 73, 192, 486, 256, 28, 74, 75, 76, 77, 79, 80, 446, 172, 62, 84, 86, 87, 191, 88, 90, 91, 95, 184, 492, 494, 96, 97, 474, 98, 99, 100, 476, 101, 102, 125, 105, 106, 107, 415, 460, 109, 17, 134, 110, 111, 112, 114, 83, 116, 355, 118, 119, 120, 490, 122, 315, 316, 167, 217, 124, 159, 126, 127, 48, 143, 130, 243, 151, 131, 381, 132, 133, 3, 137, 139, 158, 152, 487, 144, 147, 148, 153, 457, 471, 211, 178, 475, 157, 335, 161, 162, 163, 176, 146, 165, 24, 254, 168, 169, 498, 289, 202, 323, 149, 175, 244, 177, 180, 182, 186, 187, 188, 189, 190, 193, 195, 196, 198, 318, 156, 6, 199, 221, 205, 206, 207, 208, 209, 210, 173, 330, 212, 213, 164, 275, 214, 215, 216, 218, 220, 424, 78, 500, 225, 226, 285, 238, 227, 229, 231, 232, 233, 431, 408, 236, 302, 237, 239, 240, 241, 385, 246, 248, 249, 278, 179, 251, 252, 253, 223, 367, 13, 259, 261, 142, 264, 197, 154, 265, 266, 123, 267, 268, 269, 270, 258, 271, 245, 272, 89, 398, 428, 445, 273, 279, 280, 430, 92, 281, 282, 283, 284, 257, 443, 288, 290, 292, 293, 295, 440, 296, 310, 297, 298, 301, 319, 277, 374, 113, 303, 388, 71, 299, 304, 305, 306, 347, 328, 307, 309, 311, 384, 312, 314, 317, 322, 326, 329, 331, 332, 333, 128, 94, 334, 338, 336, 337, 339, 340, 341, 342, 480, 343, 228, 402, 344, 345, 401, 67, 19, 349, 321, 350, 351, 352, 353, 354, 356, 357, 358, 359, 360, 427, 287, 361, 362, 363, 364, 39, 365, 366, 368, 371, 50, 64, 438, 399, 372, 200, 247, 375, 346, 377, 379, 380, 382, 383, 373, 386, 138, 387, 464, 370, 65, 488, 141, 150, 389, 390, 391, 392, 393, 394, 395, 54, 478, 396, 397, 4, 135, 463, 170, 400, 230, 160, 136, 404, 234, 274, 406, 407, 409, 412, 413, 448, 414, 416, 171, 417, 450, 418, 472, 419, 421, 422, 81, 423, 425, 434, 82, 429, 432, 433, 181, 435, 439, 313, 441, 442, 203, 286, 444, 447, 263, 115, 449, 451, 255, 453, 194, 369, 454, 376, 455, 459, 420, 456, 348, 458, 462, 20, 466, 70, 93, 468, 465, 426, 469, 470, 320, 495, 403, 473, 38, 477, 294, 479, 489, 481, 482, 300, 262, 484, 108, 85, 103, 21, 437, 219, 467, 291, 491, 30, 55, 497, 185, 483, 


Solución Inicial Lexicographica.
Instancia: ../Taillard/T500_20/t500_20.2.txt - Makespan: 31202 - TotalSecs: 0
1, 2, 3, 4, 5, 6, 7, 8, 9, 10, 11, 12, 13, 14, 15, 16, 17, 18, 19, 20, 21, 22, 23, 24, 25, 26, 27, 28, 29, 30, 31, 32, 33, 34, 35, 36, 37, 38, 39, 40, 41, 42, 43, 44, 45, 46, 47, 48, 49, 50, 51, 52, 53, 54, 55, 56, 57, 58, 59, 60, 61, 62, 63, 64, 65, 66, 67, 68, 69, 70, 71, 72, 73, 74, 75, 76, 77, 78, 79, 80, 81, 82, 83, 84, 85, 86, 87, 88, 89, 90, 91, 92, 93, 94, 95, 96, 97, 98, 99, 100, 101, 102, 103, 104, 105, 106, 107, 108, 109, 110, 111, 112, 113, 114, 115, 116, 117, 118, 119, 120, 121, 122, 123, 124, 125, 126, 127, 128, 129, 130, 131, 132, 133, 134, 135, 136, 137, 138, 139, 140, 141, 142, 143, 144, 145, 146, 147, 148, 149, 150, 151, 152, 153, 154, 155, 156, 157, 158, 159, 160, 161, 162, 163, 164, 165, 166, 167, 168, 169, 170, 171, 172, 173, 174, 175, 176, 177, 178, 179, 180, 181, 182, 183, 184, 185, 186, 187, 188, 189, 190, 191, 192, 193, 194, 195, 196, 197, 198, 199, 200, 201, 202, 203, 204, 205, 206, 207, 208, 209, 210, 211, 212, 213, 214, 215, 216, 217, 218, 219, 220, 221, 222, 223, 224, 225, 226, 227, 228, 229, 230, 231, 232, 233, 234, 235, 236, 237, 238, 239, 240, 241, 242, 243, 244, 245, 246, 247, 248, 249, 250, 251, 252, 253, 254, 255, 256, 257, 258, 259, 260, 261, 262, 263, 264, 265, 266, 267, 268, 269, 270, 271, 272, 273, 274, 275, 276, 277, 278, 279, 280, 281, 282, 283, 284, 285, 286, 287, 288, 289, 290, 291, 292, 293, 294, 295, 296, 297, 298, 299, 300, 301, 302, 303, 304, 305, 306, 307, 308, 309, 310, 311, 312, 313, 314, 315, 316, 317, 318, 319, 320, 321, 322, 323, 324, 325, 326, 327, 328, 329, 330, 331, 332, 333, 334, 335, 336, 337, 338, 339, 340, 341, 342, 343, 344, 345, 346, 347, 348, 349, 350, 351, 352, 353, 354, 355, 356, 357, 358, 359, 360, 361, 362, 363, 364, 365, 366, 367, 368, 369, 370, 371, 372, 373, 374, 375, 376, 377, 378, 379, 380, 381, 382, 383, 384, 385, 386, 387, 388, 389, 390, 391, 392, 393, 394, 395, 396, 397, 398, 399, 400, 401, 402, 403, 404, 405, 406, 407, 408, 409, 410, 411, 412, 413, 414, 415, 416, 417, 418, 419, 420, 421, 422, 423, 424, 425, 426, 427, 428, 429, 430, 431, 432, 433, 434, 435, 436, 437, 438, 439, 440, 441, 442, 443, 444, 445, 446, 447, 448, 449, 450, 451, 452, 453, 454, 455, 456, 457, 458, 459, 460, 461, 462, 463, 464, 465, 466, 467, 468, 469, 470, 471, 472, 473, 474, 475, 476, 477, 478, 479, 480, 481, 482, 483, 484, 485, 486, 487, 488, 489, 490, 491, 492, 493, 494, 495, 496, 497, 498, 499, 500, 


Solución Mejorada (twoOptMove & randomMove).
Instancia: ../Taillard/T500_20/t500_20.2.txt - Makespan: 27536 - TotalSecs: 65.7146
79, 1, 74, 69, 47, 222, 2, 127, 4, 6, 459, 51, 8, 204, 312, 9, 140, 468, 350, 274, 356, 10, 282, 12, 490, 85, 13, 14, 29, 15, 164, 91, 23, 17, 288, 19, 84, 20, 483, 100, 247, 24, 55, 25, 146, 26, 57, 284, 488, 224, 18, 28, 495, 32, 126, 33, 396, 38, 39, 214, 40, 41, 42, 43, 27, 46, 50, 122, 97, 53, 54, 58, 491, 59, 92, 443, 332, 279, 185, 173, 198, 331, 497, 67, 119, 70, 73, 365, 358, 192, 297, 78, 264, 80, 81, 75, 82, 83, 88, 160, 395, 89, 93, 94, 159, 95, 210, 476, 470, 99, 157, 244, 102, 103, 114, 105, 71, 62, 385, 325, 107, 417, 163, 162, 113, 115, 116, 148, 118, 125, 228, 446, 351, 128, 363, 466, 87, 129, 130, 131, 378, 132, 135, 90, 321, 186, 137, 65, 21, 141, 142, 273, 197, 246, 144, 145, 386, 7, 266, 227, 499, 335, 193, 152, 155, 16, 156, 158, 175, 120, 161, 218, 308, 139, 165, 166, 167, 169, 463, 170, 76, 171, 172, 403, 318, 442, 174, 176, 397, 136, 123, 307, 179, 180, 181, 182, 393, 183, 5, 184, 304, 154, 189, 190, 191, 149, 194, 195, 196, 480, 421, 200, 201, 177, 202, 203, 112, 205, 380, 72, 251, 207, 233, 49, 209, 212, 124, 441, 409, 213, 208, 216, 106, 252, 215, 219, 56, 45, 256, 498, 96, 229, 230, 232, 221, 211, 234, 377, 3, 236, 239, 240, 242, 456, 243, 206, 245, 248, 249, 48, 253, 168, 98, 151, 254, 257, 258, 259, 138, 407, 492, 262, 263, 265, 267, 278, 270, 451, 271, 272, 276, 277, 31, 150, 283, 285, 449, 134, 286, 104, 287, 289, 410, 290, 291, 313, 61, 86, 292, 294, 296, 299, 418, 302, 303, 376, 305, 280, 306, 309, 390, 359, 311, 101, 360, 314, 315, 317, 319, 320, 322, 479, 52, 324, 281, 326, 337, 300, 328, 36, 330, 217, 333, 223, 334, 316, 336, 487, 354, 341, 342, 22, 343, 344, 346, 347, 349, 352, 364, 355, 357, 340, 225, 133, 366, 368, 370, 371, 372, 374, 226, 375, 379, 220, 64, 260, 241, 381, 178, 382, 384, 30, 398, 387, 388, 293, 338, 389, 295, 110, 392, 327, 394, 37, 399, 401, 402, 261, 404, 406, 373, 411, 469, 117, 231, 412, 413, 414, 199, 453, 415, 416, 420, 109, 111, 422, 423, 424, 425, 458, 427, 310, 329, 362, 428, 429, 323, 430, 432, 63, 433, 434, 460, 408, 367, 391, 435, 436, 437, 438, 269, 68, 440, 444, 445, 448, 462, 339, 268, 298, 450, 452, 235, 454, 455, 494, 431, 457, 275, 301, 35, 461, 405, 34, 464, 465, 143, 426, 419, 467, 250, 471, 493, 108, 238, 473, 474, 60, 187, 475, 121, 477, 478, 400, 481, 472, 153, 44, 486, 482, 237, 353, 369, 489, 147, 255, 66, 485, 383, 484, 77, 345, 447, 496, 500, 439, 188, 348, 361, 11, 


Solución Inicial Lexicographica.
Instancia: ../Taillard/T500_20/t500_20.3.txt - Makespan: 29406 - TotalSecs: 0
1, 2, 3, 4, 5, 6, 7, 8, 9, 10, 11, 12, 13, 14, 15, 16, 17, 18, 19, 20, 21, 22, 23, 24, 25, 26, 27, 28, 29, 30, 31, 32, 33, 34, 35, 36, 37, 38, 39, 40, 41, 42, 43, 44, 45, 46, 47, 48, 49, 50, 51, 52, 53, 54, 55, 56, 57, 58, 59, 60, 61, 62, 63, 64, 65, 66, 67, 68, 69, 70, 71, 72, 73, 74, 75, 76, 77, 78, 79, 80, 81, 82, 83, 84, 85, 86, 87, 88, 89, 90, 91, 92, 93, 94, 95, 96, 97, 98, 99, 100, 101, 102, 103, 104, 105, 106, 107, 108, 109, 110, 111, 112, 113, 114, 115, 116, 117, 118, 119, 120, 121, 122, 123, 124, 125, 126, 127, 128, 129, 130, 131, 132, 133, 134, 135, 136, 137, 138, 139, 140, 141, 142, 143, 144, 145, 146, 147, 148, 149, 150, 151, 152, 153, 154, 155, 156, 157, 158, 159, 160, 161, 162, 163, 164, 165, 166, 167, 168, 169, 170, 171, 172, 173, 174, 175, 176, 177, 178, 179, 180, 181, 182, 183, 184, 185, 186, 187, 188, 189, 190, 191, 192, 193, 194, 195, 196, 197, 198, 199, 200, 201, 202, 203, 204, 205, 206, 207, 208, 209, 210, 211, 212, 213, 214, 215, 216, 217, 218, 219, 220, 221, 222, 223, 224, 225, 226, 227, 228, 229, 230, 231, 232, 233, 234, 235, 236, 237, 238, 239, 240, 241, 242, 243, 244, 245, 246, 247, 248, 249, 250, 251, 252, 253, 254, 255, 256, 257, 258, 259, 260, 261, 262, 263, 264, 265, 266, 267, 268, 269, 270, 271, 272, 273, 274, 275, 276, 277, 278, 279, 280, 281, 282, 283, 284, 285, 286, 287, 288, 289, 290, 291, 292, 293, 294, 295, 296, 297, 298, 299, 300, 301, 302, 303, 304, 305, 306, 307, 308, 309, 310, 311, 312, 313, 314, 315, 316, 317, 318, 319, 320, 321, 322, 323, 324, 325, 326, 327, 328, 329, 330, 331, 332, 333, 334, 335, 336, 337, 338, 339, 340, 341, 342, 343, 344, 345, 346, 347, 348, 349, 350, 351, 352, 353, 354, 355, 356, 357, 358, 359, 360, 361, 362, 363, 364, 365, 366, 367, 368, 369, 370, 371, 372, 373, 374, 375, 376, 377, 378, 379, 380, 381, 382, 383, 384, 385, 386, 387, 388, 389, 390, 391, 392, 393, 394, 395, 396, 397, 398, 399, 400, 401, 402, 403, 404, 405, 406, 407, 408, 409, 410, 411, 412, 413, 414, 415, 416, 417, 418, 419, 420, 421, 422, 423, 424, 425, 426, 427, 428, 429, 430, 431, 432, 433, 434, 435, 436, 437, 438, 439, 440, 441, 442, 443, 444, 445, 446, 447, 448, 449, 450, 451, 452, 453, 454, 455, 456, 457, 458, 459, 460, 461, 462, 463, 464, 465, 466, 467, 468, 469, 470, 471, 472, 473, 474, 475, 476, 477, 478, 479, 480, 481, 482, 483, 484, 485, 486, 487, 488, 489, 490, 491, 492, 493, 494, 495, 496, 497, 498, 499, 500, 


Solución Mejorada (twoOptMove & randomMove).
Instancia: ../Taillard/T500_20/t500_20.3.txt - Makespan: 25910 - TotalSecs: 66.6717
449, 435, 408, 173, 2, 3, 145, 4, 407, 156, 237, 9, 11, 427, 199, 13, 16, 57, 17, 18, 284, 14, 20, 264, 21, 22, 390, 446, 24, 27, 28, 31, 66, 451, 32, 25, 36, 410, 93, 49, 41, 42, 44, 37, 452, 46, 43, 172, 47, 48, 52, 313, 53, 58, 56, 59, 60, 23, 54, 61, 62, 94, 64, 362, 464, 421, 63, 111, 149, 309, 70, 72, 348, 38, 74, 26, 10, 379, 78, 79, 77, 283, 81, 45, 65, 82, 83, 84, 359, 87, 7, 460, 260, 91, 92, 285, 238, 261, 95, 96, 97, 98, 100, 73, 101, 103, 302, 104, 459, 50, 107, 137, 109, 151, 112, 233, 116, 35, 117, 402, 118, 55, 6, 119, 120, 441, 384, 76, 122, 124, 125, 126, 127, 128, 5, 129, 218, 471, 130, 132, 135, 444, 138, 140, 141, 144, 322, 113, 146, 147, 148, 150, 110, 152, 221, 154, 155, 157, 468, 158, 161, 162, 163, 259, 168, 164, 167, 228, 419, 99, 171, 106, 142, 85, 51, 294, 180, 181, 335, 412, 182, 183, 184, 258, 134, 185, 187, 178, 39, 189, 413, 190, 227, 191, 404, 192, 175, 195, 196, 197, 198, 176, 69, 202, 203, 204, 75, 206, 207, 15, 423, 267, 209, 210, 211, 213, 391, 214, 215, 216, 217, 219, 220, 275, 222, 360, 223, 80, 224, 225, 226, 159, 86, 230, 231, 188, 232, 234, 235, 239, 293, 166, 240, 241, 411, 245, 247, 248, 249, 250, 251, 429, 400, 316, 252, 102, 246, 367, 253, 255, 256, 394, 257, 139, 243, 30, 265, 229, 269, 271, 105, 29, 273, 90, 200, 274, 474, 352, 276, 277, 388, 34, 278, 279, 280, 385, 67, 281, 286, 287, 288, 290, 291, 373, 292, 295, 1, 342, 296, 378, 297, 208, 298, 300, 301, 121, 266, 303, 304, 305, 461, 307, 268, 179, 311, 308, 312, 314, 315, 333, 317, 318, 350, 319, 236, 320, 321, 323, 364, 336, 353, 375, 324, 358, 325, 351, 326, 165, 343, 327, 212, 328, 329, 330, 153, 332, 186, 334, 194, 201, 331, 340, 341, 363, 403, 254, 344, 108, 482, 123, 347, 389, 170, 354, 355, 356, 289, 310, 357, 263, 401, 349, 272, 361, 366, 369, 371, 450, 372, 374, 376, 436, 169, 380, 381, 368, 426, 365, 383, 386, 467, 387, 392, 12, 393, 114, 396, 71, 397, 398, 244, 399, 160, 177, 405, 131, 395, 262, 339, 382, 415, 475, 416, 417, 418, 420, 424, 8, 453, 425, 443, 428, 430, 414, 439, 345, 431, 115, 432, 433, 422, 406, 434, 143, 437, 438, 440, 442, 174, 370, 445, 338, 33, 205, 454, 456, 458, 19, 409, 448, 133, 462, 463, 89, 337, 40, 88, 465, 306, 466, 242, 377, 469, 455, 299, 470, 472, 473, 68, 476, 477, 346, 478, 479, 270, 480, 481, 136, 483, 484, 485, 486, 487, 488, 489, 490, 491, 447, 457, 492, 282, 493, 494, 495, 496, 193, 497, 498, 499, 500, 


Solución Inicial Lexicographica.
Instancia: ../Taillard/T500_20/t500_20.4.txt - Makespan: 30355 - TotalSecs: 0
1, 2, 3, 4, 5, 6, 7, 8, 9, 10, 11, 12, 13, 14, 15, 16, 17, 18, 19, 20, 21, 22, 23, 24, 25, 26, 27, 28, 29, 30, 31, 32, 33, 34, 35, 36, 37, 38, 39, 40, 41, 42, 43, 44, 45, 46, 47, 48, 49, 50, 51, 52, 53, 54, 55, 56, 57, 58, 59, 60, 61, 62, 63, 64, 65, 66, 67, 68, 69, 70, 71, 72, 73, 74, 75, 76, 77, 78, 79, 80, 81, 82, 83, 84, 85, 86, 87, 88, 89, 90, 91, 92, 93, 94, 95, 96, 97, 98, 99, 100, 101, 102, 103, 104, 105, 106, 107, 108, 109, 110, 111, 112, 113, 114, 115, 116, 117, 118, 119, 120, 121, 122, 123, 124, 125, 126, 127, 128, 129, 130, 131, 132, 133, 134, 135, 136, 137, 138, 139, 140, 141, 142, 143, 144, 145, 146, 147, 148, 149, 150, 151, 152, 153, 154, 155, 156, 157, 158, 159, 160, 161, 162, 163, 164, 165, 166, 167, 168, 169, 170, 171, 172, 173, 174, 175, 176, 177, 178, 179, 180, 181, 182, 183, 184, 185, 186, 187, 188, 189, 190, 191, 192, 193, 194, 195, 196, 197, 198, 199, 200, 201, 202, 203, 204, 205, 206, 207, 208, 209, 210, 211, 212, 213, 214, 215, 216, 217, 218, 219, 220, 221, 222, 223, 224, 225, 226, 227, 228, 229, 230, 231, 232, 233, 234, 235, 236, 237, 238, 239, 240, 241, 242, 243, 244, 245, 246, 247, 248, 249, 250, 251, 252, 253, 254, 255, 256, 257, 258, 259, 260, 261, 262, 263, 264, 265, 266, 267, 268, 269, 270, 271, 272, 273, 274, 275, 276, 277, 278, 279, 280, 281, 282, 283, 284, 285, 286, 287, 288, 289, 290, 291, 292, 293, 294, 295, 296, 297, 298, 299, 300, 301, 302, 303, 304, 305, 306, 307, 308, 309, 310, 311, 312, 313, 314, 315, 316, 317, 318, 319, 320, 321, 322, 323, 324, 325, 326, 327, 328, 329, 330, 331, 332, 333, 334, 335, 336, 337, 338, 339, 340, 341, 342, 343, 344, 345, 346, 347, 348, 349, 350, 351, 352, 353, 354, 355, 356, 357, 358, 359, 360, 361, 362, 363, 364, 365, 366, 367, 368, 369, 370, 371, 372, 373, 374, 375, 376, 377, 378, 379, 380, 381, 382, 383, 384, 385, 386, 387, 388, 389, 390, 391, 392, 393, 394, 395, 396, 397, 398, 399, 400, 401, 402, 403, 404, 405, 406, 407, 408, 409, 410, 411, 412, 413, 414, 415, 416, 417, 418, 419, 420, 421, 422, 423, 424, 425, 426, 427, 428, 429, 430, 431, 432, 433, 434, 435, 436, 437, 438, 439, 440, 441, 442, 443, 444, 445, 446, 447, 448, 449, 450, 451, 452, 453, 454, 455, 456, 457, 458, 459, 460, 461, 462, 463, 464, 465, 466, 467, 468, 469, 470, 471, 472, 473, 474, 475, 476, 477, 478, 479, 480, 481, 482, 483, 484, 485, 486, 487, 488, 489, 490, 491, 492, 493, 494, 495, 496, 497, 498, 499, 500, 


Solución Mejorada (twoOptMove & randomMove).
Instancia: ../Taillard/T500_20/t500_20.4.txt - Makespan: 27392 - TotalSecs: 64.9024
372, 223, 301, 197, 1, 498, 366, 2, 3, 4, 6, 216, 7, 8, 10, 297, 12, 369, 54, 17, 18, 19, 20, 22, 24, 330, 26, 27, 28, 30, 314, 288, 32, 185, 33, 23, 98, 34, 424, 147, 66, 35, 158, 249, 39, 85, 40, 41, 151, 413, 184, 43, 210, 44, 45, 31, 47, 49, 402, 53, 172, 295, 57, 472, 59, 61, 155, 300, 62, 163, 211, 464, 65, 358, 368, 14, 68, 69, 412, 95, 212, 411, 72, 58, 73, 74, 75, 117, 445, 77, 79, 80, 165, 51, 455, 94, 71, 299, 83, 86, 91, 123, 93, 96, 99, 100, 101, 102, 103, 104, 105, 244, 13, 107, 56, 109, 111, 170, 60, 261, 112, 113, 115, 221, 118, 119, 120, 121, 110, 124, 67, 126, 78, 70, 128, 479, 129, 89, 63, 116, 81, 130, 226, 132, 406, 133, 193, 134, 136, 137, 139, 154, 386, 140, 141, 82, 143, 144, 149, 150, 152, 48, 389, 131, 240, 153, 159, 160, 391, 161, 114, 162, 164, 5, 283, 166, 127, 471, 167, 168, 290, 169, 36, 171, 227, 175, 443, 176, 177, 178, 179, 233, 180, 181, 332, 294, 188, 264, 189, 191, 192, 477, 87, 97, 88, 156, 230, 484, 194, 195, 199, 201, 202, 203, 16, 204, 205, 9, 207, 483, 208, 108, 209, 213, 485, 214, 217, 218, 222, 224, 92, 225, 142, 228, 206, 496, 231, 234, 235, 236, 237, 238, 408, 241, 242, 247, 248, 250, 251, 182, 482, 252, 377, 254, 255, 256, 258, 260, 262, 157, 263, 277, 265, 266, 267, 229, 270, 220, 245, 465, 273, 440, 275, 293, 278, 328, 279, 268, 280, 281, 282, 334, 284, 246, 286, 433, 336, 289, 292, 359, 296, 298, 25, 276, 442, 302, 303, 304, 371, 362, 305, 306, 323, 307, 309, 310, 311, 313, 285, 315, 146, 316, 317, 318, 319, 21, 320, 356, 321, 322, 253, 257, 324, 354, 325, 481, 272, 326, 340, 327, 419, 446, 331, 333, 341, 335, 337, 410, 338, 339, 215, 243, 342, 29, 343, 291, 274, 344, 346, 148, 347, 349, 308, 350, 352, 353, 348, 64, 357, 200, 55, 52, 360, 361, 363, 365, 367, 11, 271, 50, 432, 370, 373, 374, 351, 453, 375, 269, 376, 466, 378, 396, 312, 379, 364, 380, 381, 383, 385, 387, 388, 390, 392, 393, 394, 397, 398, 399, 37, 400, 404, 401, 403, 173, 420, 405, 493, 407, 395, 187, 409, 84, 76, 42, 415, 421, 186, 232, 122, 196, 451, 417, 418, 174, 423, 426, 427, 355, 138, 437, 429, 430, 431, 434, 422, 449, 435, 329, 425, 106, 436, 239, 438, 416, 219, 190, 444, 447, 448, 450, 454, 490, 441, 456, 457, 458, 459, 460, 461, 462, 463, 345, 467, 468, 183, 469, 470, 259, 474, 46, 475, 414, 90, 476, 478, 480, 15, 486, 487, 488, 489, 491, 492, 452, 494, 439, 125, 145, 473, 495, 382, 497, 384, 428, 499, 38, 500, 198, 135, 287, 


Solución Inicial Lexicographica.
Instancia: ../Taillard/T500_20/t500_20.5.txt - Makespan: 30099 - TotalSecs: 0
1, 2, 3, 4, 5, 6, 7, 8, 9, 10, 11, 12, 13, 14, 15, 16, 17, 18, 19, 20, 21, 22, 23, 24, 25, 26, 27, 28, 29, 30, 31, 32, 33, 34, 35, 36, 37, 38, 39, 40, 41, 42, 43, 44, 45, 46, 47, 48, 49, 50, 51, 52, 53, 54, 55, 56, 57, 58, 59, 60, 61, 62, 63, 64, 65, 66, 67, 68, 69, 70, 71, 72, 73, 74, 75, 76, 77, 78, 79, 80, 81, 82, 83, 84, 85, 86, 87, 88, 89, 90, 91, 92, 93, 94, 95, 96, 97, 98, 99, 100, 101, 102, 103, 104, 105, 106, 107, 108, 109, 110, 111, 112, 113, 114, 115, 116, 117, 118, 119, 120, 121, 122, 123, 124, 125, 126, 127, 128, 129, 130, 131, 132, 133, 134, 135, 136, 137, 138, 139, 140, 141, 142, 143, 144, 145, 146, 147, 148, 149, 150, 151, 152, 153, 154, 155, 156, 157, 158, 159, 160, 161, 162, 163, 164, 165, 166, 167, 168, 169, 170, 171, 172, 173, 174, 175, 176, 177, 178, 179, 180, 181, 182, 183, 184, 185, 186, 187, 188, 189, 190, 191, 192, 193, 194, 195, 196, 197, 198, 199, 200, 201, 202, 203, 204, 205, 206, 207, 208, 209, 210, 211, 212, 213, 214, 215, 216, 217, 218, 219, 220, 221, 222, 223, 224, 225, 226, 227, 228, 229, 230, 231, 232, 233, 234, 235, 236, 237, 238, 239, 240, 241, 242, 243, 244, 245, 246, 247, 248, 249, 250, 251, 252, 253, 254, 255, 256, 257, 258, 259, 260, 261, 262, 263, 264, 265, 266, 267, 268, 269, 270, 271, 272, 273, 274, 275, 276, 277, 278, 279, 280, 281, 282, 283, 284, 285, 286, 287, 288, 289, 290, 291, 292, 293, 294, 295, 296, 297, 298, 299, 300, 301, 302, 303, 304, 305, 306, 307, 308, 309, 310, 311, 312, 313, 314, 315, 316, 317, 318, 319, 320, 321, 322, 323, 324, 325, 326, 327, 328, 329, 330, 331, 332, 333, 334, 335, 336, 337, 338, 339, 340, 341, 342, 343, 344, 345, 346, 347, 348, 349, 350, 351, 352, 353, 354, 355, 356, 357, 358, 359, 360, 361, 362, 363, 364, 365, 366, 367, 368, 369, 370, 371, 372, 373, 374, 375, 376, 377, 378, 379, 380, 381, 382, 383, 384, 385, 386, 387, 388, 389, 390, 391, 392, 393, 394, 395, 396, 397, 398, 399, 400, 401, 402, 403, 404, 405, 406, 407, 408, 409, 410, 411, 412, 413, 414, 415, 416, 417, 418, 419, 420, 421, 422, 423, 424, 425, 426, 427, 428, 429, 430, 431, 432, 433, 434, 435, 436, 437, 438, 439, 440, 441, 442, 443, 444, 445, 446, 447, 448, 449, 450, 451, 452, 453, 454, 455, 456, 457, 458, 459, 460, 461, 462, 463, 464, 465, 466, 467, 468, 469, 470, 471, 472, 473, 474, 475, 476, 477, 478, 479, 480, 481, 482, 483, 484, 485, 486, 487, 488, 489, 490, 491, 492, 493, 494, 495, 496, 497, 498, 499, 500, 


Solución Mejorada (twoOptMove & randomMove).
Instancia: ../Taillard/T500_20/t500_20.5.txt - Makespan: 27042 - TotalSecs: 71.835
81, 412, 1, 433, 5, 226, 3, 7, 84, 477, 8, 299, 381, 342, 274, 464, 483, 131, 297, 98, 314, 390, 440, 317, 18, 236, 110, 19, 20, 396, 367, 352, 117, 24, 25, 492, 44, 27, 14, 28, 300, 29, 465, 53, 327, 70, 410, 30, 31, 425, 480, 36, 38, 271, 80, 357, 356, 32, 41, 42, 393, 144, 45, 59, 266, 4, 46, 47, 49, 51, 54, 55, 57, 58, 62, 63, 499, 295, 66, 257, 67, 72, 75, 267, 71, 82, 83, 378, 423, 85, 103, 87, 100, 89, 138, 90, 34, 91, 93, 94, 158, 95, 96, 426, 168, 101, 102, 105, 106, 107, 109, 111, 179, 113, 114, 56, 115, 206, 135, 311, 119, 120, 121, 122, 125, 126, 157, 127, 78, 128, 182, 129, 21, 130, 141, 270, 150, 134, 16, 272, 17, 325, 137, 139, 140, 142, 235, 143, 74, 147, 474, 77, 475, 148, 68, 151, 152, 159, 180, 116, 154, 155, 156, 362, 194, 161, 163, 166, 167, 169, 263, 171, 172, 173, 178, 104, 65, 183, 187, 322, 189, 22, 399, 190, 224, 247, 491, 192, 193, 211, 197, 199, 358, 43, 225, 203, 195, 204, 233, 165, 207, 210, 212, 188, 214, 218, 208, 217, 448, 219, 220, 221, 384, 361, 227, 228, 232, 340, 6, 260, 170, 447, 237, 238, 205, 261, 239, 202, 223, 240, 241, 242, 243, 244, 245, 289, 252, 246, 184, 350, 323, 231, 196, 254, 255, 112, 256, 33, 258, 153, 61, 262, 264, 265, 213, 318, 118, 268, 176, 209, 343, 273, 276, 278, 124, 145, 280, 123, 234, 164, 281, 283, 284, 457, 286, 374, 287, 288, 177, 76, 291, 64, 293, 305, 296, 185, 160, 50, 251, 500, 303, 304, 306, 307, 308, 13, 310, 229, 332, 10, 335, 313, 329, 315, 316, 23, 320, 39, 321, 496, 471, 324, 326, 181, 35, 328, 309, 222, 498, 337, 79, 330, 331, 372, 333, 334, 336, 285, 253, 338, 417, 26, 37, 339, 435, 345, 346, 133, 347, 402, 348, 349, 351, 200, 290, 69, 354, 451, 136, 355, 366, 360, 363, 86, 364, 365, 132, 292, 368, 369, 370, 371, 373, 375, 376, 379, 380, 382, 73, 97, 476, 386, 387, 407, 388, 40, 444, 392, 391, 277, 389, 429, 394, 385, 398, 400, 401, 99, 2, 403, 395, 404, 344, 60, 405, 446, 12, 416, 406, 408, 454, 383, 248, 353, 409, 411, 413, 438, 414, 282, 415, 249, 418, 436, 420, 421, 422, 488, 424, 149, 186, 427, 298, 428, 216, 302, 430, 431, 294, 88, 432, 437, 259, 439, 319, 441, 495, 442, 443, 434, 449, 108, 463, 11, 452, 453, 455, 456, 458, 359, 198, 462, 466, 377, 467, 201, 468, 469, 301, 470, 419, 459, 472, 191, 473, 52, 450, 269, 460, 174, 445, 478, 479, 162, 487, 461, 481, 482, 9, 275, 146, 484, 250, 485, 15, 486, 175, 489, 215, 490, 48, 493, 494, 497, 92, 230, 397, 279, 312, 341, 


Solución Inicial Lexicographica.
Instancia: ../Taillard/T500_20/t500_20.6.txt - Makespan: 30946 - TotalSecs: 0
1, 2, 3, 4, 5, 6, 7, 8, 9, 10, 11, 12, 13, 14, 15, 16, 17, 18, 19, 20, 21, 22, 23, 24, 25, 26, 27, 28, 29, 30, 31, 32, 33, 34, 35, 36, 37, 38, 39, 40, 41, 42, 43, 44, 45, 46, 47, 48, 49, 50, 51, 52, 53, 54, 55, 56, 57, 58, 59, 60, 61, 62, 63, 64, 65, 66, 67, 68, 69, 70, 71, 72, 73, 74, 75, 76, 77, 78, 79, 80, 81, 82, 83, 84, 85, 86, 87, 88, 89, 90, 91, 92, 93, 94, 95, 96, 97, 98, 99, 100, 101, 102, 103, 104, 105, 106, 107, 108, 109, 110, 111, 112, 113, 114, 115, 116, 117, 118, 119, 120, 121, 122, 123, 124, 125, 126, 127, 128, 129, 130, 131, 132, 133, 134, 135, 136, 137, 138, 139, 140, 141, 142, 143, 144, 145, 146, 147, 148, 149, 150, 151, 152, 153, 154, 155, 156, 157, 158, 159, 160, 161, 162, 163, 164, 165, 166, 167, 168, 169, 170, 171, 172, 173, 174, 175, 176, 177, 178, 179, 180, 181, 182, 183, 184, 185, 186, 187, 188, 189, 190, 191, 192, 193, 194, 195, 196, 197, 198, 199, 200, 201, 202, 203, 204, 205, 206, 207, 208, 209, 210, 211, 212, 213, 214, 215, 216, 217, 218, 219, 220, 221, 222, 223, 224, 225, 226, 227, 228, 229, 230, 231, 232, 233, 234, 235, 236, 237, 238, 239, 240, 241, 242, 243, 244, 245, 246, 247, 248, 249, 250, 251, 252, 253, 254, 255, 256, 257, 258, 259, 260, 261, 262, 263, 264, 265, 266, 267, 268, 269, 270, 271, 272, 273, 274, 275, 276, 277, 278, 279, 280, 281, 282, 283, 284, 285, 286, 287, 288, 289, 290, 291, 292, 293, 294, 295, 296, 297, 298, 299, 300, 301, 302, 303, 304, 305, 306, 307, 308, 309, 310, 311, 312, 313, 314, 315, 316, 317, 318, 319, 320, 321, 322, 323, 324, 325, 326, 327, 328, 329, 330, 331, 332, 333, 334, 335, 336, 337, 338, 339, 340, 341, 342, 343, 344, 345, 346, 347, 348, 349, 350, 351, 352, 353, 354, 355, 356, 357, 358, 359, 360, 361, 362, 363, 364, 365, 366, 367, 368, 369, 370, 371, 372, 373, 374, 375, 376, 377, 378, 379, 380, 381, 382, 383, 384, 385, 386, 387, 388, 389, 390, 391, 392, 393, 394, 395, 396, 397, 398, 399, 400, 401, 402, 403, 404, 405, 406, 407, 408, 409, 410, 411, 412, 413, 414, 415, 416, 417, 418, 419, 420, 421, 422, 423, 424, 425, 426, 427, 428, 429, 430, 431, 432, 433, 434, 435, 436, 437, 438, 439, 440, 441, 442, 443, 444, 445, 446, 447, 448, 449, 450, 451, 452, 453, 454, 455, 456, 457, 458, 459, 460, 461, 462, 463, 464, 465, 466, 467, 468, 469, 470, 471, 472, 473, 474, 475, 476, 477, 478, 479, 480, 481, 482, 483, 484, 485, 486, 487, 488, 489, 490, 491, 492, 493, 494, 495, 496, 497, 498, 499, 500, 


Solución Mejorada (twoOptMove & randomMove).
Instancia: ../Taillard/T500_20/t500_20.6.txt - Makespan: 27244 - TotalSecs: 67.3903
108, 495, 285, 24, 348, 196, 490, 3, 478, 489, 7, 51, 242, 9, 11, 12, 421, 451, 14, 474, 15, 17, 18, 19, 193, 339, 255, 156, 20, 21, 26, 198, 27, 177, 415, 42, 63, 30, 471, 31, 32, 405, 335, 34, 37, 38, 39, 426, 121, 40, 44, 59, 35, 47, 188, 126, 36, 460, 53, 49, 55, 56, 57, 58, 441, 373, 64, 411, 65, 68, 69, 61, 71, 77, 33, 294, 164, 439, 78, 220, 81, 86, 232, 284, 369, 278, 87, 456, 88, 89, 457, 161, 80, 91, 393, 96, 93, 95, 25, 388, 320, 97, 482, 475, 99, 470, 100, 101, 102, 494, 104, 105, 324, 107, 73, 432, 110, 473, 134, 115, 266, 321, 119, 402, 120, 122, 295, 124, 175, 130, 84, 247, 442, 131, 222, 135, 136, 2, 137, 498, 127, 331, 141, 139, 290, 140, 143, 144, 145, 147, 148, 149, 158, 150, 103, 165, 153, 155, 79, 157, 305, 159, 422, 166, 170, 172, 173, 174, 176, 178, 179, 182, 318, 403, 185, 75, 206, 129, 28, 487, 189, 22, 190, 192, 85, 195, 197, 292, 10, 245, 199, 361, 117, 43, 205, 207, 208, 92, 209, 468, 303, 13, 212, 62, 67, 251, 213, 265, 125, 187, 377, 341, 217, 194, 218, 201, 169, 334, 219, 45, 109, 332, 221, 223, 138, 263, 225, 66, 226, 200, 227, 154, 406, 229, 230, 233, 234, 237, 298, 239, 160, 240, 243, 111, 326, 181, 133, 246, 248, 163, 203, 249, 250, 252, 112, 204, 272, 354, 253, 445, 256, 257, 374, 258, 260, 261, 215, 327, 424, 313, 264, 267, 271, 273, 274, 275, 280, 281, 283, 90, 287, 288, 4, 289, 420, 235, 408, 400, 293, 277, 296, 297, 355, 118, 299, 186, 300, 302, 304, 492, 306, 307, 16, 427, 308, 309, 310, 202, 276, 312, 314, 328, 152, 114, 241, 315, 316, 146, 319, 180, 349, 392, 268, 384, 151, 322, 259, 329, 333, 210, 387, 383, 364, 338, 270, 74, 291, 407, 337, 342, 52, 168, 1, 386, 344, 343, 345, 346, 94, 378, 500, 347, 244, 50, 350, 467, 352, 353, 356, 357, 358, 359, 362, 469, 485, 330, 238, 363, 214, 351, 366, 367, 368, 370, 371, 385, 380, 379, 410, 236, 381, 375, 76, 382, 171, 340, 6, 454, 282, 376, 446, 389, 336, 391, 394, 396, 397, 365, 398, 54, 399, 404, 325, 409, 417, 317, 183, 412, 413, 372, 416, 395, 70, 224, 436, 423, 425, 428, 429, 83, 401, 431, 82, 433, 414, 46, 434, 480, 437, 228, 419, 184, 440, 443, 444, 116, 72, 447, 449, 450, 452, 453, 311, 269, 106, 448, 128, 455, 301, 458, 486, 459, 461, 462, 463, 464, 323, 465, 216, 466, 472, 113, 142, 390, 23, 476, 29, 477, 98, 5, 479, 481, 418, 491, 483, 48, 430, 435, 286, 132, 231, 488, 497, 41, 493, 191, 496, 167, 262, 438, 279, 254, 123, 8, 60, 499, 360, 484, 211, 162, 


Solución Inicial Lexicographica.
Instancia: ../Taillard/T500_20/t500_20.7.txt - Makespan: 30792 - TotalSecs: 0
1, 2, 3, 4, 5, 6, 7, 8, 9, 10, 11, 12, 13, 14, 15, 16, 17, 18, 19, 20, 21, 22, 23, 24, 25, 26, 27, 28, 29, 30, 31, 32, 33, 34, 35, 36, 37, 38, 39, 40, 41, 42, 43, 44, 45, 46, 47, 48, 49, 50, 51, 52, 53, 54, 55, 56, 57, 58, 59, 60, 61, 62, 63, 64, 65, 66, 67, 68, 69, 70, 71, 72, 73, 74, 75, 76, 77, 78, 79, 80, 81, 82, 83, 84, 85, 86, 87, 88, 89, 90, 91, 92, 93, 94, 95, 96, 97, 98, 99, 100, 101, 102, 103, 104, 105, 106, 107, 108, 109, 110, 111, 112, 113, 114, 115, 116, 117, 118, 119, 120, 121, 122, 123, 124, 125, 126, 127, 128, 129, 130, 131, 132, 133, 134, 135, 136, 137, 138, 139, 140, 141, 142, 143, 144, 145, 146, 147, 148, 149, 150, 151, 152, 153, 154, 155, 156, 157, 158, 159, 160, 161, 162, 163, 164, 165, 166, 167, 168, 169, 170, 171, 172, 173, 174, 175, 176, 177, 178, 179, 180, 181, 182, 183, 184, 185, 186, 187, 188, 189, 190, 191, 192, 193, 194, 195, 196, 197, 198, 199, 200, 201, 202, 203, 204, 205, 206, 207, 208, 209, 210, 211, 212, 213, 214, 215, 216, 217, 218, 219, 220, 221, 222, 223, 224, 225, 226, 227, 228, 229, 230, 231, 232, 233, 234, 235, 236, 237, 238, 239, 240, 241, 242, 243, 244, 245, 246, 247, 248, 249, 250, 251, 252, 253, 254, 255, 256, 257, 258, 259, 260, 261, 262, 263, 264, 265, 266, 267, 268, 269, 270, 271, 272, 273, 274, 275, 276, 277, 278, 279, 280, 281, 282, 283, 284, 285, 286, 287, 288, 289, 290, 291, 292, 293, 294, 295, 296, 297, 298, 299, 300, 301, 302, 303, 304, 305, 306, 307, 308, 309, 310, 311, 312, 313, 314, 315, 316, 317, 318, 319, 320, 321, 322, 323, 324, 325, 326, 327, 328, 329, 330, 331, 332, 333, 334, 335, 336, 337, 338, 339, 340, 341, 342, 343, 344, 345, 346, 347, 348, 349, 350, 351, 352, 353, 354, 355, 356, 357, 358, 359, 360, 361, 362, 363, 364, 365, 366, 367, 368, 369, 370, 371, 372, 373, 374, 375, 376, 377, 378, 379, 380, 381, 382, 383, 384, 385, 386, 387, 388, 389, 390, 391, 392, 393, 394, 395, 396, 397, 398, 399, 400, 401, 402, 403, 404, 405, 406, 407, 408, 409, 410, 411, 412, 413, 414, 415, 416, 417, 418, 419, 420, 421, 422, 423, 424, 425, 426, 427, 428, 429, 430, 431, 432, 433, 434, 435, 436, 437, 438, 439, 440, 441, 442, 443, 444, 445, 446, 447, 448, 449, 450, 451, 452, 453, 454, 455, 456, 457, 458, 459, 460, 461, 462, 463, 464, 465, 466, 467, 468, 469, 470, 471, 472, 473, 474, 475, 476, 477, 478, 479, 480, 481, 482, 483, 484, 485, 486, 487, 488, 489, 490, 491, 492, 493, 494, 495, 496, 497, 498, 499, 500, 


Solución Mejorada (twoOptMove & randomMove).
Instancia: ../Taillard/T500_20/t500_20.7.txt - Makespan: 27078 - TotalSecs: 65.4436
412, 237, 106, 379, 1, 181, 112, 464, 473, 5, 6, 263, 136, 9, 10, 31, 438, 12, 13, 57, 82, 94, 17, 291, 351, 131, 20, 118, 11, 22, 162, 26, 197, 27, 29, 117, 30, 33, 396, 208, 37, 40, 41, 43, 44, 228, 281, 48, 50, 398, 4, 141, 53, 54, 55, 444, 64, 223, 440, 472, 61, 498, 460, 68, 365, 271, 102, 420, 241, 75, 269, 76, 78, 81, 184, 85, 151, 278, 67, 87, 163, 89, 71, 95, 18, 323, 97, 98, 91, 419, 100, 101, 324, 107, 3, 109, 120, 110, 442, 450, 114, 19, 115, 356, 127, 124, 125, 129, 132, 133, 134, 80, 426, 137, 138, 180, 139, 86, 142, 144, 146, 148, 130, 7, 370, 152, 457, 42, 408, 116, 156, 157, 169, 159, 93, 161, 113, 164, 165, 166, 461, 247, 167, 409, 160, 170, 126, 173, 175, 177, 222, 178, 70, 179, 486, 182, 183, 210, 393, 185, 92, 187, 188, 104, 189, 294, 119, 257, 190, 355, 2, 192, 216, 193, 99, 105, 194, 52, 195, 196, 88, 198, 199, 207, 417, 140, 202, 168, 337, 214, 492, 77, 123, 232, 454, 215, 316, 153, 60, 219, 221, 158, 231, 449, 224, 225, 226, 227, 431, 211, 205, 471, 233, 204, 212, 235, 58, 63, 236, 238, 240, 481, 242, 243, 360, 380, 286, 250, 253, 254, 256, 258, 59, 455, 268, 388, 259, 260, 209, 262, 217, 246, 264, 265, 385, 266, 499, 326, 46, 428, 154, 252, 270, 186, 272, 275, 143, 147, 276, 277, 467, 16, 391, 279, 280, 56, 395, 282, 343, 66, 150, 51, 284, 287, 288, 292, 45, 340, 128, 296, 103, 290, 462, 299, 300, 248, 273, 297, 298, 303, 305, 293, 302, 448, 309, 111, 311, 312, 313, 314, 382, 239, 24, 317, 318, 319, 320, 321, 354, 401, 15, 497, 274, 34, 322, 369, 171, 329, 330, 332, 333, 334, 245, 335, 295, 336, 338, 339, 341, 342, 220, 255, 344, 466, 345, 346, 347, 348, 349, 350, 172, 352, 389, 69, 301, 229, 362, 325, 357, 358, 23, 371, 435, 353, 200, 366, 364, 8, 367, 368, 372, 373, 375, 376, 377, 203, 378, 79, 407, 384, 62, 174, 387, 65, 374, 306, 390, 392, 394, 361, 176, 90, 83, 397, 149, 400, 402, 405, 406, 494, 328, 218, 410, 495, 411, 47, 327, 307, 413, 414, 415, 416, 108, 418, 421, 422, 424, 425, 285, 403, 73, 427, 429, 458, 430, 14, 36, 399, 155, 432, 456, 39, 310, 434, 244, 436, 437, 359, 191, 439, 465, 441, 443, 25, 445, 446, 476, 447, 451, 452, 206, 308, 381, 475, 453, 38, 74, 35, 386, 230, 488, 463, 468, 289, 469, 84, 383, 491, 122, 213, 72, 477, 201, 478, 480, 479, 261, 32, 267, 96, 482, 483, 484, 249, 485, 487, 470, 489, 145, 433, 474, 490, 404, 121, 251, 49, 423, 493, 304, 331, 315, 459, 500, 21, 28, 496, 135, 283, 234, 363, 


Solución Inicial Lexicographica.
Instancia: ../Taillard/T500_20/t500_20.8.txt - Makespan: 31034 - TotalSecs: 0
1, 2, 3, 4, 5, 6, 7, 8, 9, 10, 11, 12, 13, 14, 15, 16, 17, 18, 19, 20, 21, 22, 23, 24, 25, 26, 27, 28, 29, 30, 31, 32, 33, 34, 35, 36, 37, 38, 39, 40, 41, 42, 43, 44, 45, 46, 47, 48, 49, 50, 51, 52, 53, 54, 55, 56, 57, 58, 59, 60, 61, 62, 63, 64, 65, 66, 67, 68, 69, 70, 71, 72, 73, 74, 75, 76, 77, 78, 79, 80, 81, 82, 83, 84, 85, 86, 87, 88, 89, 90, 91, 92, 93, 94, 95, 96, 97, 98, 99, 100, 101, 102, 103, 104, 105, 106, 107, 108, 109, 110, 111, 112, 113, 114, 115, 116, 117, 118, 119, 120, 121, 122, 123, 124, 125, 126, 127, 128, 129, 130, 131, 132, 133, 134, 135, 136, 137, 138, 139, 140, 141, 142, 143, 144, 145, 146, 147, 148, 149, 150, 151, 152, 153, 154, 155, 156, 157, 158, 159, 160, 161, 162, 163, 164, 165, 166, 167, 168, 169, 170, 171, 172, 173, 174, 175, 176, 177, 178, 179, 180, 181, 182, 183, 184, 185, 186, 187, 188, 189, 190, 191, 192, 193, 194, 195, 196, 197, 198, 199, 200, 201, 202, 203, 204, 205, 206, 207, 208, 209, 210, 211, 212, 213, 214, 215, 216, 217, 218, 219, 220, 221, 222, 223, 224, 225, 226, 227, 228, 229, 230, 231, 232, 233, 234, 235, 236, 237, 238, 239, 240, 241, 242, 243, 244, 245, 246, 247, 248, 249, 250, 251, 252, 253, 254, 255, 256, 257, 258, 259, 260, 261, 262, 263, 264, 265, 266, 267, 268, 269, 270, 271, 272, 273, 274, 275, 276, 277, 278, 279, 280, 281, 282, 283, 284, 285, 286, 287, 288, 289, 290, 291, 292, 293, 294, 295, 296, 297, 298, 299, 300, 301, 302, 303, 304, 305, 306, 307, 308, 309, 310, 311, 312, 313, 314, 315, 316, 317, 318, 319, 320, 321, 322, 323, 324, 325, 326, 327, 328, 329, 330, 331, 332, 333, 334, 335, 336, 337, 338, 339, 340, 341, 342, 343, 344, 345, 346, 347, 348, 349, 350, 351, 352, 353, 354, 355, 356, 357, 358, 359, 360, 361, 362, 363, 364, 365, 366, 367, 368, 369, 370, 371, 372, 373, 374, 375, 376, 377, 378, 379, 380, 381, 382, 383, 384, 385, 386, 387, 388, 389, 390, 391, 392, 393, 394, 395, 396, 397, 398, 399, 400, 401, 402, 403, 404, 405, 406, 407, 408, 409, 410, 411, 412, 413, 414, 415, 416, 417, 418, 419, 420, 421, 422, 423, 424, 425, 426, 427, 428, 429, 430, 431, 432, 433, 434, 435, 436, 437, 438, 439, 440, 441, 442, 443, 444, 445, 446, 447, 448, 449, 450, 451, 452, 453, 454, 455, 456, 457, 458, 459, 460, 461, 462, 463, 464, 465, 466, 467, 468, 469, 470, 471, 472, 473, 474, 475, 476, 477, 478, 479, 480, 481, 482, 483, 484, 485, 486, 487, 488, 489, 490, 491, 492, 493, 494, 495, 496, 497, 498, 499, 500, 


Solución Mejorada (twoOptMove & randomMove).
Instancia: ../Taillard/T500_20/t500_20.8.txt - Makespan: 27486 - TotalSecs: 67.2382
334, 118, 15, 1, 2, 401, 431, 453, 147, 27, 6, 103, 48, 472, 190, 10, 13, 14, 406, 113, 17, 149, 462, 437, 23, 26, 121, 28, 119, 32, 421, 33, 38, 39, 44, 40, 258, 47, 480, 306, 49, 51, 485, 52, 411, 53, 54, 56, 59, 60, 139, 63, 444, 68, 43, 70, 99, 71, 72, 74, 372, 166, 75, 76, 78, 69, 80, 218, 81, 82, 83, 86, 491, 87, 189, 88, 89, 146, 85, 90, 104, 212, 164, 93, 94, 95, 96, 240, 98, 420, 100, 494, 416, 106, 130, 107, 108, 367, 209, 110, 111, 112, 396, 114, 29, 116, 117, 120, 122, 125, 126, 127, 128, 7, 172, 131, 105, 488, 50, 20, 30, 132, 338, 351, 331, 141, 471, 228, 150, 144, 145, 441, 92, 64, 418, 148, 232, 160, 300, 151, 152, 153, 123, 154, 198, 254, 155, 156, 157, 158, 159, 467, 161, 163, 167, 376, 392, 168, 169, 186, 129, 170, 173, 180, 174, 175, 4, 176, 177, 178, 181, 215, 182, 183, 184, 185, 280, 355, 468, 457, 297, 97, 191, 383, 450, 193, 194, 196, 197, 199, 223, 484, 414, 203, 137, 204, 205, 19, 65, 206, 207, 195, 301, 201, 208, 210, 211, 426, 214, 134, 216, 217, 219, 477, 237, 454, 220, 221, 391, 233, 481, 222, 227, 245, 229, 230, 231, 18, 326, 234, 417, 238, 239, 337, 257, 241, 136, 242, 243, 244, 261, 281, 246, 413, 382, 225, 314, 55, 248, 252, 458, 249, 251, 284, 253, 452, 255, 256, 102, 262, 66, 45, 42, 263, 312, 275, 25, 264, 266, 268, 403, 269, 270, 271, 305, 273, 46, 287, 274, 276, 202, 327, 277, 278, 279, 282, 283, 67, 333, 265, 285, 286, 303, 288, 289, 290, 500, 292, 165, 109, 294, 295, 296, 298, 373, 171, 299, 302, 386, 308, 309, 259, 487, 311, 313, 267, 61, 316, 317, 397, 343, 319, 143, 24, 479, 320, 335, 322, 133, 310, 323, 329, 321, 325, 3, 424, 291, 470, 460, 5, 330, 332, 213, 399, 340, 350, 342, 35, 22, 354, 344, 345, 493, 359, 57, 16, 346, 347, 8, 348, 31, 349, 200, 307, 353, 272, 357, 358, 360, 361, 363, 473, 62, 138, 365, 77, 368, 101, 37, 369, 36, 371, 41, 115, 187, 466, 375, 377, 378, 379, 380, 443, 341, 384, 385, 235, 318, 387, 398, 388, 389, 393, 73, 188, 390, 395, 339, 412, 374, 381, 394, 404, 260, 236, 315, 140, 405, 407, 135, 336, 408, 352, 179, 409, 328, 410, 415, 419, 402, 423, 425, 427, 428, 429, 366, 304, 432, 433, 434, 435, 436, 124, 438, 439, 91, 192, 442, 445, 324, 440, 446, 447, 448, 498, 449, 422, 451, 21, 162, 34, 455, 293, 224, 362, 250, 456, 459, 12, 461, 247, 463, 58, 464, 430, 465, 84, 142, 469, 474, 475, 476, 79, 478, 370, 400, 482, 483, 486, 11, 364, 489, 490, 492, 226, 495, 496, 497, 499, 9, 356, 


Solución Inicial Lexicographica.
Instancia: ../Taillard/T500_20/t500_20.9.txt - Makespan: 30634 - TotalSecs: 0
1, 2, 3, 4, 5, 6, 7, 8, 9, 10, 11, 12, 13, 14, 15, 16, 17, 18, 19, 20, 21, 22, 23, 24, 25, 26, 27, 28, 29, 30, 31, 32, 33, 34, 35, 36, 37, 38, 39, 40, 41, 42, 43, 44, 45, 46, 47, 48, 49, 50, 51, 52, 53, 54, 55, 56, 57, 58, 59, 60, 61, 62, 63, 64, 65, 66, 67, 68, 69, 70, 71, 72, 73, 74, 75, 76, 77, 78, 79, 80, 81, 82, 83, 84, 85, 86, 87, 88, 89, 90, 91, 92, 93, 94, 95, 96, 97, 98, 99, 100, 101, 102, 103, 104, 105, 106, 107, 108, 109, 110, 111, 112, 113, 114, 115, 116, 117, 118, 119, 120, 121, 122, 123, 124, 125, 126, 127, 128, 129, 130, 131, 132, 133, 134, 135, 136, 137, 138, 139, 140, 141, 142, 143, 144, 145, 146, 147, 148, 149, 150, 151, 152, 153, 154, 155, 156, 157, 158, 159, 160, 161, 162, 163, 164, 165, 166, 167, 168, 169, 170, 171, 172, 173, 174, 175, 176, 177, 178, 179, 180, 181, 182, 183, 184, 185, 186, 187, 188, 189, 190, 191, 192, 193, 194, 195, 196, 197, 198, 199, 200, 201, 202, 203, 204, 205, 206, 207, 208, 209, 210, 211, 212, 213, 214, 215, 216, 217, 218, 219, 220, 221, 222, 223, 224, 225, 226, 227, 228, 229, 230, 231, 232, 233, 234, 235, 236, 237, 238, 239, 240, 241, 242, 243, 244, 245, 246, 247, 248, 249, 250, 251, 252, 253, 254, 255, 256, 257, 258, 259, 260, 261, 262, 263, 264, 265, 266, 267, 268, 269, 270, 271, 272, 273, 274, 275, 276, 277, 278, 279, 280, 281, 282, 283, 284, 285, 286, 287, 288, 289, 290, 291, 292, 293, 294, 295, 296, 297, 298, 299, 300, 301, 302, 303, 304, 305, 306, 307, 308, 309, 310, 311, 312, 313, 314, 315, 316, 317, 318, 319, 320, 321, 322, 323, 324, 325, 326, 327, 328, 329, 330, 331, 332, 333, 334, 335, 336, 337, 338, 339, 340, 341, 342, 343, 344, 345, 346, 347, 348, 349, 350, 351, 352, 353, 354, 355, 356, 357, 358, 359, 360, 361, 362, 363, 364, 365, 366, 367, 368, 369, 370, 371, 372, 373, 374, 375, 376, 377, 378, 379, 380, 381, 382, 383, 384, 385, 386, 387, 388, 389, 390, 391, 392, 393, 394, 395, 396, 397, 398, 399, 400, 401, 402, 403, 404, 405, 406, 407, 408, 409, 410, 411, 412, 413, 414, 415, 416, 417, 418, 419, 420, 421, 422, 423, 424, 425, 426, 427, 428, 429, 430, 431, 432, 433, 434, 435, 436, 437, 438, 439, 440, 441, 442, 443, 444, 445, 446, 447, 448, 449, 450, 451, 452, 453, 454, 455, 456, 457, 458, 459, 460, 461, 462, 463, 464, 465, 466, 467, 468, 469, 470, 471, 472, 473, 474, 475, 476, 477, 478, 479, 480, 481, 482, 483, 484, 485, 486, 487, 488, 489, 490, 491, 492, 493, 494, 495, 496, 497, 498, 499, 500, 


Solución Mejorada (twoOptMove & randomMove).
Instancia: ../Taillard/T500_20/t500_20.9.txt - Makespan: 27010 - TotalSecs: 67.0404
461, 297, 373, 308, 479, 316, 110, 183, 14, 463, 151, 38, 331, 287, 7, 8, 67, 295, 157, 9, 10, 133, 73, 208, 26, 11, 353, 166, 12, 13, 495, 147, 16, 401, 17, 18, 20, 21, 309, 27, 70, 29, 31, 32, 33, 280, 361, 35, 39, 75, 40, 41, 42, 45, 46, 313, 49, 325, 59, 55, 56, 57, 396, 58, 343, 60, 163, 6, 143, 61, 62, 191, 25, 63, 216, 64, 82, 68, 69, 71, 54, 301, 51, 392, 470, 105, 145, 74, 22, 311, 76, 79, 66, 238, 207, 414, 95, 83, 84, 155, 86, 265, 88, 89, 90, 91, 399, 85, 498, 96, 98, 99, 100, 102, 103, 108, 168, 112, 115, 212, 117, 128, 424, 118, 119, 122, 148, 52, 194, 126, 491, 24, 127, 130, 135, 137, 138, 140, 146, 142, 149, 97, 150, 120, 4, 497, 458, 104, 180, 152, 154, 156, 440, 158, 364, 159, 350, 445, 199, 160, 187, 162, 165, 167, 487, 242, 337, 173, 174, 177, 178, 179, 365, 184, 186, 422, 477, 188, 189, 192, 193, 196, 198, 204, 405, 310, 209, 210, 314, 398, 451, 211, 213, 214, 218, 205, 200, 215, 28, 217, 256, 276, 219, 221, 129, 222, 15, 223, 224, 500, 227, 144, 229, 230, 114, 136, 231, 23, 232, 431, 171, 234, 235, 236, 237, 239, 447, 240, 241, 243, 65, 244, 246, 247, 263, 248, 36, 190, 493, 249, 250, 251, 488, 252, 253, 473, 125, 395, 109, 175, 257, 258, 260, 261, 195, 268, 164, 269, 270, 271, 161, 262, 275, 484, 277, 278, 279, 48, 408, 202, 282, 283, 476, 284, 288, 285, 255, 299, 307, 289, 290, 291, 259, 292, 293, 342, 294, 298, 355, 274, 30, 370, 300, 302, 326, 303, 305, 306, 312, 106, 352, 345, 315, 273, 317, 318, 254, 319, 170, 321, 2, 482, 322, 323, 324, 327, 328, 330, 181, 333, 334, 131, 335, 339, 354, 369, 132, 340, 341, 344, 116, 346, 139, 347, 348, 272, 332, 203, 448, 304, 356, 124, 400, 357, 442, 358, 111, 286, 50, 371, 338, 359, 360, 363, 366, 367, 220, 368, 44, 372, 374, 362, 419, 375, 376, 407, 141, 377, 378, 379, 228, 380, 423, 123, 382, 383, 390, 182, 384, 94, 386, 387, 388, 433, 185, 391, 393, 320, 394, 432, 397, 402, 381, 404, 403, 80, 406, 410, 411, 413, 415, 416, 426, 417, 418, 475, 420, 421, 281, 201, 329, 172, 485, 425, 77, 427, 428, 429, 430, 409, 19, 153, 434, 435, 121, 436, 437, 226, 438, 439, 3, 412, 176, 197, 441, 264, 443, 444, 446, 81, 449, 450, 452, 453, 389, 454, 455, 456, 245, 457, 459, 460, 266, 37, 134, 107, 92, 462, 464, 349, 465, 466, 467, 468, 87, 296, 169, 5, 469, 385, 471, 472, 474, 480, 481, 351, 483, 233, 43, 486, 53, 1, 47, 489, 490, 34, 78, 113, 93, 494, 225, 496, 499, 101, 336, 478, 492, 206, 267, 72, 


Solución Inicial Lexicographica.
Instancia: ../Taillard/T500_20/t500_20.10.txt - Makespan: 29092 - TotalSecs: 0
1, 2, 3, 4, 5, 6, 7, 8, 9, 10, 11, 12, 13, 14, 15, 16, 17, 18, 19, 20, 21, 22, 23, 24, 25, 26, 27, 28, 29, 30, 31, 32, 33, 34, 35, 36, 37, 38, 39, 40, 41, 42, 43, 44, 45, 46, 47, 48, 49, 50, 51, 52, 53, 54, 55, 56, 57, 58, 59, 60, 61, 62, 63, 64, 65, 66, 67, 68, 69, 70, 71, 72, 73, 74, 75, 76, 77, 78, 79, 80, 81, 82, 83, 84, 85, 86, 87, 88, 89, 90, 91, 92, 93, 94, 95, 96, 97, 98, 99, 100, 101, 102, 103, 104, 105, 106, 107, 108, 109, 110, 111, 112, 113, 114, 115, 116, 117, 118, 119, 120, 121, 122, 123, 124, 125, 126, 127, 128, 129, 130, 131, 132, 133, 134, 135, 136, 137, 138, 139, 140, 141, 142, 143, 144, 145, 146, 147, 148, 149, 150, 151, 152, 153, 154, 155, 156, 157, 158, 159, 160, 161, 162, 163, 164, 165, 166, 167, 168, 169, 170, 171, 172, 173, 174, 175, 176, 177, 178, 179, 180, 181, 182, 183, 184, 185, 186, 187, 188, 189, 190, 191, 192, 193, 194, 195, 196, 197, 198, 199, 200, 201, 202, 203, 204, 205, 206, 207, 208, 209, 210, 211, 212, 213, 214, 215, 216, 217, 218, 219, 220, 221, 222, 223, 224, 225, 226, 227, 228, 229, 230, 231, 232, 233, 234, 235, 236, 237, 238, 239, 240, 241, 242, 243, 244, 245, 246, 247, 248, 249, 250, 251, 252, 253, 254, 255, 256, 257, 258, 259, 260, 261, 262, 263, 264, 265, 266, 267, 268, 269, 270, 271, 272, 273, 274, 275, 276, 277, 278, 279, 280, 281, 282, 283, 284, 285, 286, 287, 288, 289, 290, 291, 292, 293, 294, 295, 296, 297, 298, 299, 300, 301, 302, 303, 304, 305, 306, 307, 308, 309, 310, 311, 312, 313, 314, 315, 316, 317, 318, 319, 320, 321, 322, 323, 324, 325, 326, 327, 328, 329, 330, 331, 332, 333, 334, 335, 336, 337, 338, 339, 340, 341, 342, 343, 344, 345, 346, 347, 348, 349, 350, 351, 352, 353, 354, 355, 356, 357, 358, 359, 360, 361, 362, 363, 364, 365, 366, 367, 368, 369, 370, 371, 372, 373, 374, 375, 376, 377, 378, 379, 380, 381, 382, 383, 384, 385, 386, 387, 388, 389, 390, 391, 392, 393, 394, 395, 396, 397, 398, 399, 400, 401, 402, 403, 404, 405, 406, 407, 408, 409, 410, 411, 412, 413, 414, 415, 416, 417, 418, 419, 420, 421, 422, 423, 424, 425, 426, 427, 428, 429, 430, 431, 432, 433, 434, 435, 436, 437, 438, 439, 440, 441, 442, 443, 444, 445, 446, 447, 448, 449, 450, 451, 452, 453, 454, 455, 456, 457, 458, 459, 460, 461, 462, 463, 464, 465, 466, 467, 468, 469, 470, 471, 472, 473, 474, 475, 476, 477, 478, 479, 480, 481, 482, 483, 484, 485, 486, 487, 488, 489, 490, 491, 492, 493, 494, 495, 496, 497, 498, 499, 500, 


Solución Mejorada (twoOptMove & randomMove).
Instancia: ../Taillard/T500_20/t500_20.10.txt - Makespan: 25996 - TotalSecs: 65.6912
313, 232, 4, 5, 302, 42, 455, 454, 17, 432, 9, 85, 14, 15, 353, 208, 419, 23, 210, 51, 18, 19, 31, 24, 25, 297, 67, 450, 12, 217, 332, 13, 28, 29, 30, 34, 407, 320, 35, 36, 37, 119, 403, 26, 39, 40, 96, 412, 45, 48, 49, 38, 361, 430, 179, 53, 126, 54, 209, 115, 55, 56, 458, 57, 60, 304, 64, 65, 63, 52, 20, 176, 106, 72, 7, 322, 400, 420, 43, 249, 74, 75, 76, 77, 79, 139, 447, 81, 259, 78, 59, 84, 87, 88, 89, 91, 90, 93, 94, 333, 97, 98, 99, 334, 111, 101, 108, 62, 118, 109, 354, 110, 71, 112, 113, 114, 136, 116, 117, 234, 120, 127, 121, 123, 50, 342, 169, 182, 125, 128, 129, 130, 445, 131, 143, 132, 201, 133, 190, 135, 47, 465, 268, 68, 140, 230, 137, 205, 138, 145, 152, 146, 147, 160, 461, 104, 148, 150, 151, 159, 243, 153, 154, 155, 218, 158, 466, 161, 183, 177, 374, 162, 163, 156, 164, 326, 428, 170, 27, 141, 171, 167, 175, 103, 206, 180, 184, 317, 185, 472, 189, 191, 192, 193, 157, 194, 255, 195, 196, 197, 404, 474, 262, 149, 203, 204, 211, 212, 402, 291, 213, 214, 215, 216, 426, 220, 221, 198, 309, 413, 222, 10, 92, 224, 225, 202, 227, 228, 142, 231, 226, 219, 21, 246, 292, 233, 271, 33, 235, 240, 241, 223, 371, 242, 178, 442, 200, 341, 248, 251, 252, 253, 32, 254, 256, 258, 261, 288, 245, 58, 257, 264, 244, 289, 265, 266, 267, 239, 394, 100, 82, 270, 124, 274, 275, 46, 279, 281, 282, 283, 285, 451, 293, 263, 372, 250, 236, 295, 296, 298, 280, 83, 16, 287, 299, 11, 61, 238, 300, 278, 168, 301, 303, 305, 365, 247, 306, 307, 308, 311, 312, 377, 315, 316, 469, 319, 363, 321, 324, 325, 438, 327, 328, 286, 329, 330, 284, 331, 95, 337, 338, 339, 1, 181, 340, 343, 344, 269, 346, 348, 323, 349, 347, 352, 350, 310, 356, 357, 366, 336, 358, 359, 102, 6, 364, 398, 174, 367, 368, 381, 369, 370, 8, 277, 373, 375, 422, 444, 376, 378, 379, 345, 380, 362, 382, 383, 272, 384, 385, 386, 387, 165, 3, 388, 335, 73, 276, 391, 105, 393, 144, 389, 273, 395, 396, 199, 186, 397, 355, 399, 401, 237, 405, 392, 166, 406, 408, 409, 410, 411, 70, 2, 290, 414, 416, 417, 456, 421, 424, 425, 427, 429, 460, 431, 433, 434, 172, 122, 435, 86, 436, 314, 423, 443, 446, 107, 449, 452, 440, 173, 473, 448, 318, 360, 415, 453, 457, 459, 462, 463, 464, 467, 468, 441, 470, 475, 390, 439, 476, 44, 22, 477, 66, 478, 479, 188, 480, 481, 482, 483, 187, 134, 484, 294, 80, 41, 485, 486, 229, 471, 487, 488, 351, 489, 490, 491, 492, 418, 493, 69, 494, 437, 260, 495, 496, 497, 498, 499, 500, 207, 
