

Solución Inicial Lexicographica.
Instancia: ../Taillard/T500_20/t500_20.1.txt - Makespan: 30121 - TotalSecs: 0
1, 2, 3, 4, 5, 6, 7, 8, 9, 10, 11, 12, 13, 14, 15, 16, 17, 18, 19, 20, 21, 22, 23, 24, 25, 26, 27, 28, 29, 30, 31, 32, 33, 34, 35, 36, 37, 38, 39, 40, 41, 42, 43, 44, 45, 46, 47, 48, 49, 50, 51, 52, 53, 54, 55, 56, 57, 58, 59, 60, 61, 62, 63, 64, 65, 66, 67, 68, 69, 70, 71, 72, 73, 74, 75, 76, 77, 78, 79, 80, 81, 82, 83, 84, 85, 86, 87, 88, 89, 90, 91, 92, 93, 94, 95, 96, 97, 98, 99, 100, 101, 102, 103, 104, 105, 106, 107, 108, 109, 110, 111, 112, 113, 114, 115, 116, 117, 118, 119, 120, 121, 122, 123, 124, 125, 126, 127, 128, 129, 130, 131, 132, 133, 134, 135, 136, 137, 138, 139, 140, 141, 142, 143, 144, 145, 146, 147, 148, 149, 150, 151, 152, 153, 154, 155, 156, 157, 158, 159, 160, 161, 162, 163, 164, 165, 166, 167, 168, 169, 170, 171, 172, 173, 174, 175, 176, 177, 178, 179, 180, 181, 182, 183, 184, 185, 186, 187, 188, 189, 190, 191, 192, 193, 194, 195, 196, 197, 198, 199, 200, 201, 202, 203, 204, 205, 206, 207, 208, 209, 210, 211, 212, 213, 214, 215, 216, 217, 218, 219, 220, 221, 222, 223, 224, 225, 226, 227, 228, 229, 230, 231, 232, 233, 234, 235, 236, 237, 238, 239, 240, 241, 242, 243, 244, 245, 246, 247, 248, 249, 250, 251, 252, 253, 254, 255, 256, 257, 258, 259, 260, 261, 262, 263, 264, 265, 266, 267, 268, 269, 270, 271, 272, 273, 274, 275, 276, 277, 278, 279, 280, 281, 282, 283, 284, 285, 286, 287, 288, 289, 290, 291, 292, 293, 294, 295, 296, 297, 298, 299, 300, 301, 302, 303, 304, 305, 306, 307, 308, 309, 310, 311, 312, 313, 314, 315, 316, 317, 318, 319, 320, 321, 322, 323, 324, 325, 326, 327, 328, 329, 330, 331, 332, 333, 334, 335, 336, 337, 338, 339, 340, 341, 342, 343, 344, 345, 346, 347, 348, 349, 350, 351, 352, 353, 354, 355, 356, 357, 358, 359, 360, 361, 362, 363, 364, 365, 366, 367, 368, 369, 370, 371, 372, 373, 374, 375, 376, 377, 378, 379, 380, 381, 382, 383, 384, 385, 386, 387, 388, 389, 390, 391, 392, 393, 394, 395, 396, 397, 398, 399, 400, 401, 402, 403, 404, 405, 406, 407, 408, 409, 410, 411, 412, 413, 414, 415, 416, 417, 418, 419, 420, 421, 422, 423, 424, 425, 426, 427, 428, 429, 430, 431, 432, 433, 434, 435, 436, 437, 438, 439, 440, 441, 442, 443, 444, 445, 446, 447, 448, 449, 450, 451, 452, 453, 454, 455, 456, 457, 458, 459, 460, 461, 462, 463, 464, 465, 466, 467, 468, 469, 470, 471, 472, 473, 474, 475, 476, 477, 478, 479, 480, 481, 482, 483, 484, 485, 486, 487, 488, 489, 490, 491, 492, 493, 494, 495, 496, 497, 498, 499, 500, 


Solución Mejorada (twoOptMove & randomMove).
Instancia: ../Taillard/T500_20/t500_20.1.txt - Makespan: 27107 - TotalSecs: 13.8678
1, 2, 423, 243, 462, 224, 485, 34, 7, 8, 9, 10, 35, 12, 14, 15, 16, 455, 22, 23, 76, 25, 169, 26, 28, 4, 29, 215, 31, 36, 37, 39, 248, 377, 42, 43, 44, 495, 45, 46, 47, 496, 120, 48, 171, 49, 50, 408, 51, 52, 53, 56, 343, 392, 451, 58, 59, 60, 411, 106, 62, 63, 67, 68, 5, 310, 181, 91, 372, 71, 257, 73, 340, 425, 75, 78, 431, 79, 81, 280, 448, 83, 85, 404, 438, 160, 86, 90, 87, 88, 89, 250, 175, 92, 93, 327, 134, 325, 344, 183, 97, 98, 99, 100, 101, 155, 293, 104, 395, 107, 108, 103, 369, 288, 356, 110, 111, 112, 313, 154, 116, 176, 117, 441, 121, 308, 122, 461, 123, 124, 125, 488, 126, 128, 129, 130, 133, 414, 314, 113, 136, 151, 138, 139, 140, 142, 144, 452, 304, 225, 145, 84, 457, 191, 146, 147, 69, 148, 149, 163, 150, 152, 276, 216, 153, 251, 157, 210, 284, 94, 162, 297, 95, 164, 166, 168, 170, 102, 172, 173, 174, 143, 214, 180, 184, 186, 161, 187, 234, 286, 188, 190, 167, 192, 11, 397, 193, 194, 6, 195, 127, 326, 196, 197, 198, 199, 17, 200, 40, 449, 499, 311, 203, 204, 205, 207, 114, 256, 219, 118, 290, 189, 209, 211, 212, 96, 3, 213, 54, 217, 218, 220, 440, 221, 385, 222, 223, 351, 227, 494, 177, 230, 231, 232, 233, 236, 237, 238, 239, 240, 241, 57, 242, 158, 244, 247, 285, 458, 105, 253, 265, 254, 255, 258, 491, 226, 74, 487, 259, 347, 261, 264, 245, 378, 266, 418, 299, 268, 269, 21, 270, 271, 272, 273, 472, 274, 275, 355, 18, 277, 41, 208, 278, 398, 279, 235, 428, 282, 283, 379, 19, 77, 289, 291, 292, 294, 337, 296, 298, 252, 301, 302, 182, 305, 141, 306, 470, 132, 309, 312, 315, 316, 295, 206, 317, 429, 319, 263, 307, 321, 322, 324, 415, 328, 331, 333, 267, 334, 339, 341, 345, 346, 159, 350, 352, 20, 353, 373, 260, 55, 115, 119, 27, 336, 359, 360, 361, 363, 358, 348, 38, 318, 364, 365, 367, 354, 419, 460, 357, 368, 388, 287, 370, 371, 374, 375, 202, 376, 380, 381, 382, 135, 383, 384, 386, 70, 390, 391, 393, 366, 396, 246, 446, 399, 401, 362, 402, 403, 33, 405, 407, 323, 410, 400, 412, 416, 417, 420, 421, 426, 406, 335, 427, 13, 32, 349, 432, 433, 434, 424, 435, 66, 422, 436, 437, 439, 262, 447, 109, 185, 409, 442, 445, 394, 342, 329, 453, 454, 456, 303, 463, 464, 320, 465, 466, 467, 338, 469, 430, 24, 165, 471, 229, 65, 473, 474, 137, 475, 156, 476, 477, 228, 478, 131, 413, 61, 479, 480, 80, 482, 483, 484, 444, 486, 281, 179, 64, 489, 481, 387, 490, 492, 493, 497, 82, 72, 450, 498, 249, 178, 389, 330, 500, 443, 332, 201, 30, 459, 300, 468, 


Solución Inicial Lexicographica.
Instancia: ../Taillard/T500_20/t500_20.2.txt - Makespan: 31202 - TotalSecs: 0
1, 2, 3, 4, 5, 6, 7, 8, 9, 10, 11, 12, 13, 14, 15, 16, 17, 18, 19, 20, 21, 22, 23, 24, 25, 26, 27, 28, 29, 30, 31, 32, 33, 34, 35, 36, 37, 38, 39, 40, 41, 42, 43, 44, 45, 46, 47, 48, 49, 50, 51, 52, 53, 54, 55, 56, 57, 58, 59, 60, 61, 62, 63, 64, 65, 66, 67, 68, 69, 70, 71, 72, 73, 74, 75, 76, 77, 78, 79, 80, 81, 82, 83, 84, 85, 86, 87, 88, 89, 90, 91, 92, 93, 94, 95, 96, 97, 98, 99, 100, 101, 102, 103, 104, 105, 106, 107, 108, 109, 110, 111, 112, 113, 114, 115, 116, 117, 118, 119, 120, 121, 122, 123, 124, 125, 126, 127, 128, 129, 130, 131, 132, 133, 134, 135, 136, 137, 138, 139, 140, 141, 142, 143, 144, 145, 146, 147, 148, 149, 150, 151, 152, 153, 154, 155, 156, 157, 158, 159, 160, 161, 162, 163, 164, 165, 166, 167, 168, 169, 170, 171, 172, 173, 174, 175, 176, 177, 178, 179, 180, 181, 182, 183, 184, 185, 186, 187, 188, 189, 190, 191, 192, 193, 194, 195, 196, 197, 198, 199, 200, 201, 202, 203, 204, 205, 206, 207, 208, 209, 210, 211, 212, 213, 214, 215, 216, 217, 218, 219, 220, 221, 222, 223, 224, 225, 226, 227, 228, 229, 230, 231, 232, 233, 234, 235, 236, 237, 238, 239, 240, 241, 242, 243, 244, 245, 246, 247, 248, 249, 250, 251, 252, 253, 254, 255, 256, 257, 258, 259, 260, 261, 262, 263, 264, 265, 266, 267, 268, 269, 270, 271, 272, 273, 274, 275, 276, 277, 278, 279, 280, 281, 282, 283, 284, 285, 286, 287, 288, 289, 290, 291, 292, 293, 294, 295, 296, 297, 298, 299, 300, 301, 302, 303, 304, 305, 306, 307, 308, 309, 310, 311, 312, 313, 314, 315, 316, 317, 318, 319, 320, 321, 322, 323, 324, 325, 326, 327, 328, 329, 330, 331, 332, 333, 334, 335, 336, 337, 338, 339, 340, 341, 342, 343, 344, 345, 346, 347, 348, 349, 350, 351, 352, 353, 354, 355, 356, 357, 358, 359, 360, 361, 362, 363, 364, 365, 366, 367, 368, 369, 370, 371, 372, 373, 374, 375, 376, 377, 378, 379, 380, 381, 382, 383, 384, 385, 386, 387, 388, 389, 390, 391, 392, 393, 394, 395, 396, 397, 398, 399, 400, 401, 402, 403, 404, 405, 406, 407, 408, 409, 410, 411, 412, 413, 414, 415, 416, 417, 418, 419, 420, 421, 422, 423, 424, 425, 426, 427, 428, 429, 430, 431, 432, 433, 434, 435, 436, 437, 438, 439, 440, 441, 442, 443, 444, 445, 446, 447, 448, 449, 450, 451, 452, 453, 454, 455, 456, 457, 458, 459, 460, 461, 462, 463, 464, 465, 466, 467, 468, 469, 470, 471, 472, 473, 474, 475, 476, 477, 478, 479, 480, 481, 482, 483, 484, 485, 486, 487, 488, 489, 490, 491, 492, 493, 494, 495, 496, 497, 498, 499, 500, 


Solución Mejorada (twoOptMove & randomMove).
Instancia: ../Taillard/T500_20/t500_20.2.txt - Makespan: 27816 - TotalSecs: 14.1276
291, 96, 1, 2, 4, 6, 91, 498, 105, 8, 10, 468, 228, 58, 442, 12, 424, 13, 14, 15, 143, 304, 17, 19, 56, 23, 315, 25, 379, 431, 26, 450, 28, 32, 34, 40, 222, 18, 41, 42, 148, 44, 426, 45, 257, 244, 50, 51, 295, 54, 278, 55, 57, 181, 59, 62, 46, 176, 64, 30, 155, 69, 88, 70, 71, 72, 73, 74, 76, 79, 81, 16, 82, 84, 138, 85, 86, 87, 90, 92, 94, 97, 98, 167, 99, 499, 101, 102, 311, 103, 104, 164, 114, 115, 47, 116, 118, 93, 119, 239, 227, 121, 123, 107, 282, 125, 129, 130, 131, 132, 307, 135, 136, 67, 139, 140, 144, 494, 145, 186, 470, 264, 113, 146, 149, 150, 151, 153, 154, 156, 159, 175, 160, 112, 161, 400, 162, 163, 187, 166, 281, 441, 171, 168, 170, 183, 172, 177, 179, 467, 173, 126, 180, 182, 24, 350, 380, 455, 471, 9, 147, 265, 356, 63, 185, 49, 289, 308, 189, 190, 191, 21, 456, 194, 195, 196, 197, 199, 110, 201, 202, 203, 128, 205, 206, 120, 174, 207, 208, 209, 497, 260, 43, 212, 158, 106, 100, 213, 20, 178, 214, 374, 215, 216, 217, 193, 420, 219, 259, 220, 453, 66, 273, 221, 137, 256, 223, 344, 298, 124, 224, 225, 226, 229, 200, 230, 192, 231, 232, 243, 236, 141, 133, 476, 237, 240, 241, 385, 77, 491, 246, 247, 248, 249, 286, 250, 251, 252, 459, 253, 254, 5, 392, 258, 318, 52, 188, 261, 262, 263, 266, 267, 268, 60, 269, 272, 274, 275, 11, 271, 276, 277, 7, 80, 345, 127, 417, 283, 285, 287, 288, 290, 495, 292, 39, 325, 294, 280, 296, 297, 299, 300, 301, 302, 303, 306, 329, 309, 310, 312, 313, 319, 377, 314, 122, 37, 328, 488, 242, 233, 316, 317, 234, 320, 321, 293, 322, 323, 324, 326, 327, 157, 204, 330, 333, 334, 335, 255, 444, 336, 337, 412, 338, 339, 340, 341, 342, 343, 346, 348, 349, 481, 29, 351, 331, 238, 352, 354, 355, 68, 490, 357, 413, 358, 359, 360, 376, 361, 362, 364, 365, 134, 366, 61, 367, 368, 398, 142, 370, 371, 373, 375, 378, 382, 383, 305, 384, 284, 152, 363, 387, 353, 38, 388, 369, 389, 22, 390, 391, 492, 393, 394, 395, 245, 396, 111, 401, 397, 399, 332, 402, 404, 405, 418, 406, 407, 65, 408, 409, 410, 411, 95, 414, 75, 235, 415, 35, 483, 419, 108, 421, 422, 165, 109, 425, 169, 53, 427, 428, 429, 430, 432, 433, 452, 434, 435, 436, 437, 438, 439, 48, 279, 443, 446, 447, 27, 448, 449, 451, 454, 372, 457, 78, 473, 460, 461, 462, 458, 463, 386, 423, 403, 464, 465, 381, 347, 466, 270, 33, 479, 469, 184, 472, 475, 210, 477, 83, 478, 89, 31, 482, 445, 485, 486, 487, 218, 474, 211, 489, 493, 198, 36, 480, 496, 484, 3, 117, 440, 500, 416, 


Solución Inicial Lexicographica.
Instancia: ../Taillard/T500_20/t500_20.3.txt - Makespan: 29406 - TotalSecs: 0
1, 2, 3, 4, 5, 6, 7, 8, 9, 10, 11, 12, 13, 14, 15, 16, 17, 18, 19, 20, 21, 22, 23, 24, 25, 26, 27, 28, 29, 30, 31, 32, 33, 34, 35, 36, 37, 38, 39, 40, 41, 42, 43, 44, 45, 46, 47, 48, 49, 50, 51, 52, 53, 54, 55, 56, 57, 58, 59, 60, 61, 62, 63, 64, 65, 66, 67, 68, 69, 70, 71, 72, 73, 74, 75, 76, 77, 78, 79, 80, 81, 82, 83, 84, 85, 86, 87, 88, 89, 90, 91, 92, 93, 94, 95, 96, 97, 98, 99, 100, 101, 102, 103, 104, 105, 106, 107, 108, 109, 110, 111, 112, 113, 114, 115, 116, 117, 118, 119, 120, 121, 122, 123, 124, 125, 126, 127, 128, 129, 130, 131, 132, 133, 134, 135, 136, 137, 138, 139, 140, 141, 142, 143, 144, 145, 146, 147, 148, 149, 150, 151, 152, 153, 154, 155, 156, 157, 158, 159, 160, 161, 162, 163, 164, 165, 166, 167, 168, 169, 170, 171, 172, 173, 174, 175, 176, 177, 178, 179, 180, 181, 182, 183, 184, 185, 186, 187, 188, 189, 190, 191, 192, 193, 194, 195, 196, 197, 198, 199, 200, 201, 202, 203, 204, 205, 206, 207, 208, 209, 210, 211, 212, 213, 214, 215, 216, 217, 218, 219, 220, 221, 222, 223, 224, 225, 226, 227, 228, 229, 230, 231, 232, 233, 234, 235, 236, 237, 238, 239, 240, 241, 242, 243, 244, 245, 246, 247, 248, 249, 250, 251, 252, 253, 254, 255, 256, 257, 258, 259, 260, 261, 262, 263, 264, 265, 266, 267, 268, 269, 270, 271, 272, 273, 274, 275, 276, 277, 278, 279, 280, 281, 282, 283, 284, 285, 286, 287, 288, 289, 290, 291, 292, 293, 294, 295, 296, 297, 298, 299, 300, 301, 302, 303, 304, 305, 306, 307, 308, 309, 310, 311, 312, 313, 314, 315, 316, 317, 318, 319, 320, 321, 322, 323, 324, 325, 326, 327, 328, 329, 330, 331, 332, 333, 334, 335, 336, 337, 338, 339, 340, 341, 342, 343, 344, 345, 346, 347, 348, 349, 350, 351, 352, 353, 354, 355, 356, 357, 358, 359, 360, 361, 362, 363, 364, 365, 366, 367, 368, 369, 370, 371, 372, 373, 374, 375, 376, 377, 378, 379, 380, 381, 382, 383, 384, 385, 386, 387, 388, 389, 390, 391, 392, 393, 394, 395, 396, 397, 398, 399, 400, 401, 402, 403, 404, 405, 406, 407, 408, 409, 410, 411, 412, 413, 414, 415, 416, 417, 418, 419, 420, 421, 422, 423, 424, 425, 426, 427, 428, 429, 430, 431, 432, 433, 434, 435, 436, 437, 438, 439, 440, 441, 442, 443, 444, 445, 446, 447, 448, 449, 450, 451, 452, 453, 454, 455, 456, 457, 458, 459, 460, 461, 462, 463, 464, 465, 466, 467, 468, 469, 470, 471, 472, 473, 474, 475, 476, 477, 478, 479, 480, 481, 482, 483, 484, 485, 486, 487, 488, 489, 490, 491, 492, 493, 494, 495, 496, 497, 498, 499, 500, 


Solución Mejorada (twoOptMove & randomMove).
Instancia: ../Taillard/T500_20/t500_20.3.txt - Makespan: 26254 - TotalSecs: 13.8339
419, 1, 447, 184, 444, 2, 3, 113, 421, 396, 7, 31, 362, 10, 425, 17, 19, 89, 20, 21, 22, 23, 24, 95, 446, 129, 350, 25, 250, 26, 96, 80, 390, 432, 229, 455, 426, 209, 27, 28, 325, 29, 34, 36, 37, 160, 38, 42, 43, 330, 45, 47, 164, 442, 130, 48, 49, 50, 53, 94, 54, 55, 56, 5, 57, 202, 60, 61, 474, 327, 313, 247, 348, 65, 66, 175, 154, 72, 73, 74, 76, 78, 79, 218, 6, 449, 81, 63, 18, 83, 197, 84, 87, 102, 71, 90, 91, 77, 93, 97, 206, 98, 137, 9, 213, 101, 30, 103, 430, 315, 301, 352, 357, 105, 107, 108, 110, 111, 112, 116, 117, 224, 118, 119, 32, 85, 180, 406, 121, 124, 289, 16, 125, 126, 127, 304, 131, 132, 177, 243, 427, 408, 136, 172, 139, 141, 142, 109, 144, 429, 145, 284, 15, 146, 147, 148, 149, 150, 62, 152, 153, 170, 155, 159, 161, 162, 163, 232, 165, 235, 134, 215, 166, 193, 168, 169, 173, 176, 35, 222, 286, 178, 151, 179, 171, 441, 181, 182, 411, 183, 205, 115, 167, 337, 187, 188, 189, 191, 259, 158, 41, 195, 196, 198, 367, 199, 203, 204, 237, 207, 210, 211, 212, 214, 300, 285, 217, 219, 220, 226, 297, 280, 106, 228, 230, 231, 156, 296, 310, 238, 240, 86, 123, 249, 44, 246, 251, 276, 252, 233, 253, 122, 254, 257, 258, 260, 261, 263, 264, 265, 338, 376, 267, 283, 268, 269, 92, 320, 75, 272, 273, 274, 275, 277, 279, 387, 236, 281, 282, 241, 51, 58, 256, 128, 287, 288, 290, 292, 293, 294, 295, 298, 299, 302, 303, 138, 305, 306, 227, 307, 308, 234, 400, 309, 100, 11, 266, 311, 192, 314, 291, 316, 317, 318, 319, 358, 174, 321, 322, 323, 324, 208, 104, 255, 245, 271, 340, 389, 328, 12, 329, 331, 4, 379, 332, 248, 333, 334, 335, 336, 190, 14, 341, 342, 343, 344, 345, 216, 346, 403, 347, 373, 120, 349, 351, 353, 354, 412, 355, 356, 359, 361, 363, 82, 364, 365, 369, 371, 372, 375, 64, 377, 378, 380, 381, 382, 383, 401, 384, 385, 386, 366, 39, 242, 388, 52, 391, 393, 360, 394, 395, 397, 368, 398, 186, 450, 326, 404, 468, 405, 407, 133, 409, 470, 410, 99, 414, 460, 415, 416, 143, 239, 417, 418, 140, 223, 420, 370, 278, 423, 424, 135, 428, 437, 33, 431, 374, 433, 262, 434, 435, 452, 436, 438, 440, 8, 459, 443, 422, 445, 221, 399, 439, 70, 244, 448, 402, 454, 456, 457, 458, 486, 413, 157, 461, 462, 200, 464, 465, 114, 466, 467, 469, 312, 471, 472, 473, 476, 477, 478, 194, 479, 225, 480, 481, 59, 482, 483, 270, 69, 40, 201, 13, 463, 484, 485, 451, 46, 185, 487, 488, 489, 88, 475, 392, 490, 491, 67, 492, 493, 453, 494, 495, 339, 68, 496, 497, 498, 499, 500, 


Solución Inicial Lexicographica.
Instancia: ../Taillard/T500_20/t500_20.4.txt - Makespan: 30355 - TotalSecs: 0
1, 2, 3, 4, 5, 6, 7, 8, 9, 10, 11, 12, 13, 14, 15, 16, 17, 18, 19, 20, 21, 22, 23, 24, 25, 26, 27, 28, 29, 30, 31, 32, 33, 34, 35, 36, 37, 38, 39, 40, 41, 42, 43, 44, 45, 46, 47, 48, 49, 50, 51, 52, 53, 54, 55, 56, 57, 58, 59, 60, 61, 62, 63, 64, 65, 66, 67, 68, 69, 70, 71, 72, 73, 74, 75, 76, 77, 78, 79, 80, 81, 82, 83, 84, 85, 86, 87, 88, 89, 90, 91, 92, 93, 94, 95, 96, 97, 98, 99, 100, 101, 102, 103, 104, 105, 106, 107, 108, 109, 110, 111, 112, 113, 114, 115, 116, 117, 118, 119, 120, 121, 122, 123, 124, 125, 126, 127, 128, 129, 130, 131, 132, 133, 134, 135, 136, 137, 138, 139, 140, 141, 142, 143, 144, 145, 146, 147, 148, 149, 150, 151, 152, 153, 154, 155, 156, 157, 158, 159, 160, 161, 162, 163, 164, 165, 166, 167, 168, 169, 170, 171, 172, 173, 174, 175, 176, 177, 178, 179, 180, 181, 182, 183, 184, 185, 186, 187, 188, 189, 190, 191, 192, 193, 194, 195, 196, 197, 198, 199, 200, 201, 202, 203, 204, 205, 206, 207, 208, 209, 210, 211, 212, 213, 214, 215, 216, 217, 218, 219, 220, 221, 222, 223, 224, 225, 226, 227, 228, 229, 230, 231, 232, 233, 234, 235, 236, 237, 238, 239, 240, 241, 242, 243, 244, 245, 246, 247, 248, 249, 250, 251, 252, 253, 254, 255, 256, 257, 258, 259, 260, 261, 262, 263, 264, 265, 266, 267, 268, 269, 270, 271, 272, 273, 274, 275, 276, 277, 278, 279, 280, 281, 282, 283, 284, 285, 286, 287, 288, 289, 290, 291, 292, 293, 294, 295, 296, 297, 298, 299, 300, 301, 302, 303, 304, 305, 306, 307, 308, 309, 310, 311, 312, 313, 314, 315, 316, 317, 318, 319, 320, 321, 322, 323, 324, 325, 326, 327, 328, 329, 330, 331, 332, 333, 334, 335, 336, 337, 338, 339, 340, 341, 342, 343, 344, 345, 346, 347, 348, 349, 350, 351, 352, 353, 354, 355, 356, 357, 358, 359, 360, 361, 362, 363, 364, 365, 366, 367, 368, 369, 370, 371, 372, 373, 374, 375, 376, 377, 378, 379, 380, 381, 382, 383, 384, 385, 386, 387, 388, 389, 390, 391, 392, 393, 394, 395, 396, 397, 398, 399, 400, 401, 402, 403, 404, 405, 406, 407, 408, 409, 410, 411, 412, 413, 414, 415, 416, 417, 418, 419, 420, 421, 422, 423, 424, 425, 426, 427, 428, 429, 430, 431, 432, 433, 434, 435, 436, 437, 438, 439, 440, 441, 442, 443, 444, 445, 446, 447, 448, 449, 450, 451, 452, 453, 454, 455, 456, 457, 458, 459, 460, 461, 462, 463, 464, 465, 466, 467, 468, 469, 470, 471, 472, 473, 474, 475, 476, 477, 478, 479, 480, 481, 482, 483, 484, 485, 486, 487, 488, 489, 490, 491, 492, 493, 494, 495, 496, 497, 498, 499, 500, 


Solución Mejorada (twoOptMove & randomMove).
Instancia: ../Taillard/T500_20/t500_20.4.txt - Makespan: 27379 - TotalSecs: 13.9416
436, 1, 3, 416, 4, 7, 8, 10, 11, 446, 12, 31, 14, 67, 288, 358, 17, 18, 254, 19, 20, 342, 21, 80, 22, 9, 59, 71, 104, 174, 23, 388, 26, 27, 406, 28, 30, 32, 33, 38, 151, 268, 456, 143, 39, 245, 211, 60, 40, 41, 43, 44, 292, 483, 386, 45, 404, 49, 50, 51, 52, 53, 34, 54, 62, 55, 56, 105, 87, 353, 57, 58, 61, 63, 66, 312, 68, 25, 70, 445, 422, 263, 330, 86, 73, 74, 75, 77, 117, 157, 81, 82, 176, 83, 84, 13, 85, 222, 90, 2, 93, 94, 96, 97, 99, 100, 361, 16, 102, 234, 103, 372, 108, 109, 110, 95, 111, 349, 140, 112, 107, 113, 114, 115, 98, 471, 204, 116, 484, 118, 139, 119, 121, 123, 125, 126, 171, 127, 128, 216, 129, 130, 322, 131, 133, 224, 135, 497, 136, 137, 360, 141, 144, 65, 145, 146, 147, 150, 152, 313, 226, 153, 154, 156, 185, 158, 159, 321, 161, 162, 163, 164, 316, 165, 166, 464, 138, 168, 169, 412, 172, 173, 76, 266, 214, 443, 175, 189, 177, 178, 89, 180, 181, 356, 42, 366, 182, 184, 258, 187, 191, 479, 69, 389, 194, 195, 196, 363, 280, 197, 199, 447, 205, 200, 474, 201, 202, 255, 203, 452, 415, 209, 210, 212, 213, 215, 217, 218, 219, 472, 120, 220, 221, 398, 223, 101, 434, 227, 88, 78, 72, 229, 230, 241, 231, 232, 186, 233, 235, 236, 237, 225, 79, 240, 170, 481, 279, 242, 244, 246, 283, 250, 251, 252, 326, 260, 46, 259, 478, 262, 264, 265, 267, 343, 270, 271, 198, 273, 275, 24, 276, 277, 278, 281, 282, 272, 207, 284, 285, 286, 289, 500, 290, 291, 6, 293, 48, 243, 295, 296, 297, 461, 298, 299, 400, 454, 351, 300, 301, 302, 303, 253, 304, 149, 132, 305, 306, 307, 308, 310, 314, 475, 315, 317, 148, 122, 318, 319, 320, 394, 341, 323, 325, 327, 344, 311, 469, 188, 332, 329, 333, 35, 334, 328, 335, 491, 336, 337, 339, 340, 370, 345, 346, 347, 365, 348, 37, 106, 167, 387, 354, 357, 362, 364, 368, 369, 371, 249, 373, 374, 269, 375, 376, 425, 379, 91, 380, 381, 383, 384, 124, 390, 391, 392, 350, 261, 395, 397, 399, 401, 134, 402, 403, 405, 407, 393, 440, 408, 409, 410, 411, 413, 414, 5, 36, 377, 417, 418, 419, 257, 420, 190, 421, 423, 15, 424, 193, 426, 427, 428, 444, 324, 429, 430, 47, 431, 432, 433, 64, 437, 438, 355, 439, 331, 378, 274, 442, 448, 359, 435, 449, 450, 208, 451, 238, 453, 248, 396, 455, 470, 457, 485, 458, 247, 155, 460, 490, 462, 463, 192, 466, 467, 228, 468, 382, 476, 473, 352, 477, 29, 256, 385, 480, 482, 441, 486, 487, 496, 183, 465, 488, 489, 492, 142, 287, 493, 494, 495, 206, 160, 498, 499, 92, 338, 367, 459, 239, 294, 309, 179, 


Solución Inicial Lexicographica.
Instancia: ../Taillard/T500_20/t500_20.5.txt - Makespan: 30099 - TotalSecs: 0
1, 2, 3, 4, 5, 6, 7, 8, 9, 10, 11, 12, 13, 14, 15, 16, 17, 18, 19, 20, 21, 22, 23, 24, 25, 26, 27, 28, 29, 30, 31, 32, 33, 34, 35, 36, 37, 38, 39, 40, 41, 42, 43, 44, 45, 46, 47, 48, 49, 50, 51, 52, 53, 54, 55, 56, 57, 58, 59, 60, 61, 62, 63, 64, 65, 66, 67, 68, 69, 70, 71, 72, 73, 74, 75, 76, 77, 78, 79, 80, 81, 82, 83, 84, 85, 86, 87, 88, 89, 90, 91, 92, 93, 94, 95, 96, 97, 98, 99, 100, 101, 102, 103, 104, 105, 106, 107, 108, 109, 110, 111, 112, 113, 114, 115, 116, 117, 118, 119, 120, 121, 122, 123, 124, 125, 126, 127, 128, 129, 130, 131, 132, 133, 134, 135, 136, 137, 138, 139, 140, 141, 142, 143, 144, 145, 146, 147, 148, 149, 150, 151, 152, 153, 154, 155, 156, 157, 158, 159, 160, 161, 162, 163, 164, 165, 166, 167, 168, 169, 170, 171, 172, 173, 174, 175, 176, 177, 178, 179, 180, 181, 182, 183, 184, 185, 186, 187, 188, 189, 190, 191, 192, 193, 194, 195, 196, 197, 198, 199, 200, 201, 202, 203, 204, 205, 206, 207, 208, 209, 210, 211, 212, 213, 214, 215, 216, 217, 218, 219, 220, 221, 222, 223, 224, 225, 226, 227, 228, 229, 230, 231, 232, 233, 234, 235, 236, 237, 238, 239, 240, 241, 242, 243, 244, 245, 246, 247, 248, 249, 250, 251, 252, 253, 254, 255, 256, 257, 258, 259, 260, 261, 262, 263, 264, 265, 266, 267, 268, 269, 270, 271, 272, 273, 274, 275, 276, 277, 278, 279, 280, 281, 282, 283, 284, 285, 286, 287, 288, 289, 290, 291, 292, 293, 294, 295, 296, 297, 298, 299, 300, 301, 302, 303, 304, 305, 306, 307, 308, 309, 310, 311, 312, 313, 314, 315, 316, 317, 318, 319, 320, 321, 322, 323, 324, 325, 326, 327, 328, 329, 330, 331, 332, 333, 334, 335, 336, 337, 338, 339, 340, 341, 342, 343, 344, 345, 346, 347, 348, 349, 350, 351, 352, 353, 354, 355, 356, 357, 358, 359, 360, 361, 362, 363, 364, 365, 366, 367, 368, 369, 370, 371, 372, 373, 374, 375, 376, 377, 378, 379, 380, 381, 382, 383, 384, 385, 386, 387, 388, 389, 390, 391, 392, 393, 394, 395, 396, 397, 398, 399, 400, 401, 402, 403, 404, 405, 406, 407, 408, 409, 410, 411, 412, 413, 414, 415, 416, 417, 418, 419, 420, 421, 422, 423, 424, 425, 426, 427, 428, 429, 430, 431, 432, 433, 434, 435, 436, 437, 438, 439, 440, 441, 442, 443, 444, 445, 446, 447, 448, 449, 450, 451, 452, 453, 454, 455, 456, 457, 458, 459, 460, 461, 462, 463, 464, 465, 466, 467, 468, 469, 470, 471, 472, 473, 474, 475, 476, 477, 478, 479, 480, 481, 482, 483, 484, 485, 486, 487, 488, 489, 490, 491, 492, 493, 494, 495, 496, 497, 498, 499, 500, 


Solución Mejorada (twoOptMove & randomMove).
Instancia: ../Taillard/T500_20/t500_20.5.txt - Makespan: 27246 - TotalSecs: 13.8988
480, 1, 2, 274, 483, 137, 197, 248, 208, 425, 301, 3, 373, 4, 5, 7, 477, 13, 115, 378, 14, 100, 426, 16, 66, 32, 20, 22, 226, 118, 173, 419, 56, 413, 28, 29, 27, 30, 31, 33, 334, 34, 18, 36, 357, 439, 317, 41, 62, 327, 42, 280, 205, 482, 43, 297, 44, 46, 84, 50, 51, 57, 58, 59, 61, 393, 121, 467, 63, 65, 67, 314, 224, 39, 8, 434, 72, 74, 71, 75, 77, 318, 79, 339, 80, 81, 180, 76, 82, 83, 85, 309, 253, 124, 89, 90, 358, 87, 93, 283, 95, 423, 96, 294, 168, 99, 391, 101, 102, 472, 444, 384, 107, 402, 296, 37, 440, 427, 12, 64, 109, 110, 111, 112, 127, 113, 86, 114, 116, 117, 119, 120, 122, 158, 304, 361, 126, 128, 129, 500, 130, 131, 321, 132, 491, 165, 284, 401, 240, 134, 135, 136, 271, 138, 174, 139, 140, 40, 142, 143, 144, 145, 147, 69, 73, 148, 149, 150, 19, 183, 153, 155, 156, 157, 159, 23, 125, 492, 160, 161, 163, 164, 17, 290, 254, 227, 399, 166, 167, 169, 171, 172, 202, 362, 255, 410, 263, 175, 448, 177, 178, 179, 186, 187, 476, 292, 198, 188, 189, 447, 190, 191, 192, 193, 194, 195, 200, 465, 201, 203, 213, 204, 103, 206, 207, 211, 212, 387, 214, 216, 133, 300, 53, 217, 219, 220, 221, 457, 479, 222, 223, 91, 225, 250, 475, 228, 229, 496, 230, 231, 232, 233, 235, 78, 236, 45, 237, 238, 239, 68, 242, 243, 210, 245, 55, 246, 247, 380, 464, 170, 256, 257, 258, 259, 260, 396, 310, 420, 199, 261, 262, 264, 266, 267, 104, 24, 268, 269, 270, 272, 275, 276, 278, 282, 286, 265, 287, 288, 289, 416, 291, 146, 323, 293, 97, 215, 298, 299, 54, 302, 303, 350, 305, 474, 343, 345, 306, 35, 308, 311, 312, 463, 313, 315, 316, 322, 324, 325, 285, 326, 328, 412, 319, 330, 331, 249, 332, 333, 335, 336, 337, 340, 428, 342, 181, 347, 348, 349, 351, 352, 442, 353, 354, 355, 295, 106, 359, 152, 123, 360, 364, 105, 365, 94, 366, 424, 367, 346, 320, 368, 394, 370, 372, 6, 374, 375, 11, 10, 376, 473, 377, 379, 381, 382, 281, 383, 406, 209, 400, 241, 344, 385, 70, 363, 388, 389, 390, 468, 244, 392, 49, 176, 395, 92, 25, 397, 398, 329, 184, 403, 432, 26, 404, 405, 48, 196, 408, 251, 409, 445, 369, 411, 252, 459, 218, 141, 356, 436, 414, 415, 417, 418, 421, 422, 277, 430, 431, 433, 435, 185, 371, 437, 438, 273, 441, 443, 446, 449, 429, 450, 151, 451, 386, 452, 453, 454, 21, 455, 456, 460, 461, 462, 98, 338, 466, 469, 470, 471, 499, 47, 9, 478, 481, 279, 487, 484, 485, 486, 488, 307, 458, 88, 489, 490, 162, 493, 494, 154, 495, 341, 60, 497, 498, 38, 108, 52, 407, 182, 15, 234, 


Solución Inicial Lexicographica.
Instancia: ../Taillard/T500_20/t500_20.6.txt - Makespan: 30946 - TotalSecs: 0
1, 2, 3, 4, 5, 6, 7, 8, 9, 10, 11, 12, 13, 14, 15, 16, 17, 18, 19, 20, 21, 22, 23, 24, 25, 26, 27, 28, 29, 30, 31, 32, 33, 34, 35, 36, 37, 38, 39, 40, 41, 42, 43, 44, 45, 46, 47, 48, 49, 50, 51, 52, 53, 54, 55, 56, 57, 58, 59, 60, 61, 62, 63, 64, 65, 66, 67, 68, 69, 70, 71, 72, 73, 74, 75, 76, 77, 78, 79, 80, 81, 82, 83, 84, 85, 86, 87, 88, 89, 90, 91, 92, 93, 94, 95, 96, 97, 98, 99, 100, 101, 102, 103, 104, 105, 106, 107, 108, 109, 110, 111, 112, 113, 114, 115, 116, 117, 118, 119, 120, 121, 122, 123, 124, 125, 126, 127, 128, 129, 130, 131, 132, 133, 134, 135, 136, 137, 138, 139, 140, 141, 142, 143, 144, 145, 146, 147, 148, 149, 150, 151, 152, 153, 154, 155, 156, 157, 158, 159, 160, 161, 162, 163, 164, 165, 166, 167, 168, 169, 170, 171, 172, 173, 174, 175, 176, 177, 178, 179, 180, 181, 182, 183, 184, 185, 186, 187, 188, 189, 190, 191, 192, 193, 194, 195, 196, 197, 198, 199, 200, 201, 202, 203, 204, 205, 206, 207, 208, 209, 210, 211, 212, 213, 214, 215, 216, 217, 218, 219, 220, 221, 222, 223, 224, 225, 226, 227, 228, 229, 230, 231, 232, 233, 234, 235, 236, 237, 238, 239, 240, 241, 242, 243, 244, 245, 246, 247, 248, 249, 250, 251, 252, 253, 254, 255, 256, 257, 258, 259, 260, 261, 262, 263, 264, 265, 266, 267, 268, 269, 270, 271, 272, 273, 274, 275, 276, 277, 278, 279, 280, 281, 282, 283, 284, 285, 286, 287, 288, 289, 290, 291, 292, 293, 294, 295, 296, 297, 298, 299, 300, 301, 302, 303, 304, 305, 306, 307, 308, 309, 310, 311, 312, 313, 314, 315, 316, 317, 318, 319, 320, 321, 322, 323, 324, 325, 326, 327, 328, 329, 330, 331, 332, 333, 334, 335, 336, 337, 338, 339, 340, 341, 342, 343, 344, 345, 346, 347, 348, 349, 350, 351, 352, 353, 354, 355, 356, 357, 358, 359, 360, 361, 362, 363, 364, 365, 366, 367, 368, 369, 370, 371, 372, 373, 374, 375, 376, 377, 378, 379, 380, 381, 382, 383, 384, 385, 386, 387, 388, 389, 390, 391, 392, 393, 394, 395, 396, 397, 398, 399, 400, 401, 402, 403, 404, 405, 406, 407, 408, 409, 410, 411, 412, 413, 414, 415, 416, 417, 418, 419, 420, 421, 422, 423, 424, 425, 426, 427, 428, 429, 430, 431, 432, 433, 434, 435, 436, 437, 438, 439, 440, 441, 442, 443, 444, 445, 446, 447, 448, 449, 450, 451, 452, 453, 454, 455, 456, 457, 458, 459, 460, 461, 462, 463, 464, 465, 466, 467, 468, 469, 470, 471, 472, 473, 474, 475, 476, 477, 478, 479, 480, 481, 482, 483, 484, 485, 486, 487, 488, 489, 490, 491, 492, 493, 494, 495, 496, 497, 498, 499, 500, 


Solución Mejorada (twoOptMove & randomMove).
Instancia: ../Taillard/T500_20/t500_20.6.txt - Makespan: 27493 - TotalSecs: 13.8908
140, 3, 113, 421, 285, 75, 5, 313, 369, 11, 495, 13, 456, 15, 16, 17, 19, 20, 21, 386, 494, 388, 24, 316, 309, 360, 219, 25, 175, 26, 236, 27, 28, 136, 173, 29, 159, 30, 476, 31, 32, 33, 34, 37, 94, 481, 38, 39, 415, 232, 247, 417, 47, 130, 42, 152, 80, 49, 50, 320, 53, 462, 263, 54, 57, 261, 116, 58, 200, 59, 64, 400, 65, 43, 66, 489, 439, 420, 71, 72, 73, 181, 241, 74, 358, 138, 468, 416, 77, 78, 475, 82, 408, 83, 10, 84, 177, 85, 346, 86, 87, 88, 89, 203, 90, 91, 127, 92, 93, 95, 98, 99, 61, 100, 102, 104, 490, 214, 155, 193, 4, 105, 108, 145, 110, 44, 331, 103, 12, 164, 118, 119, 121, 305, 432, 319, 441, 40, 278, 125, 268, 112, 122, 131, 132, 133, 354, 165, 154, 425, 139, 141, 366, 325, 297, 142, 146, 149, 1, 150, 153, 157, 128, 156, 473, 480, 109, 161, 171, 307, 166, 498, 117, 201, 169, 237, 147, 251, 393, 194, 170, 375, 172, 107, 497, 186, 176, 178, 250, 395, 151, 179, 324, 180, 45, 63, 134, 183, 184, 185, 187, 301, 188, 249, 195, 451, 190, 368, 447, 311, 196, 197, 126, 199, 371, 2, 202, 204, 206, 207, 208, 312, 144, 211, 389, 212, 213, 41, 216, 55, 328, 378, 217, 218, 198, 114, 327, 210, 349, 220, 442, 221, 222, 223, 224, 227, 357, 225, 229, 230, 265, 233, 174, 235, 191, 240, 242, 243, 244, 245, 246, 192, 234, 215, 23, 252, 487, 253, 256, 257, 482, 364, 258, 259, 262, 264, 266, 484, 267, 270, 9, 359, 269, 339, 167, 423, 272, 334, 275, 276, 392, 228, 135, 279, 280, 292, 160, 387, 281, 282, 148, 283, 284, 231, 286, 111, 287, 288, 289, 290, 291, 238, 293, 182, 294, 405, 295, 163, 326, 496, 299, 300, 302, 306, 314, 308, 310, 315, 318, 69, 321, 322, 323, 115, 377, 7, 97, 329, 332, 335, 365, 336, 406, 391, 209, 330, 418, 341, 342, 343, 96, 344, 345, 347, 348, 337, 143, 350, 351, 271, 352, 411, 333, 361, 362, 453, 363, 6, 370, 372, 373, 427, 353, 380, 381, 382, 383, 384, 385, 431, 500, 390, 340, 56, 394, 396, 424, 397, 398, 402, 403, 81, 8, 404, 298, 407, 409, 410, 189, 412, 413, 205, 248, 414, 419, 120, 22, 426, 428, 429, 430, 255, 374, 304, 355, 458, 18, 433, 435, 62, 79, 303, 436, 296, 437, 438, 440, 448, 443, 338, 376, 106, 444, 445, 67, 356, 486, 446, 449, 48, 450, 226, 14, 452, 60, 472, 46, 460, 454, 455, 457, 129, 459, 461, 463, 35, 464, 434, 465, 466, 467, 168, 469, 470, 274, 379, 277, 471, 137, 51, 123, 239, 76, 36, 52, 317, 477, 478, 367, 479, 70, 101, 483, 162, 273, 485, 158, 488, 422, 124, 491, 492, 474, 493, 499, 260, 68, 401, 399, 254, 


Solución Inicial Lexicographica.
Instancia: ../Taillard/T500_20/t500_20.7.txt - Makespan: 30792 - TotalSecs: 0
1, 2, 3, 4, 5, 6, 7, 8, 9, 10, 11, 12, 13, 14, 15, 16, 17, 18, 19, 20, 21, 22, 23, 24, 25, 26, 27, 28, 29, 30, 31, 32, 33, 34, 35, 36, 37, 38, 39, 40, 41, 42, 43, 44, 45, 46, 47, 48, 49, 50, 51, 52, 53, 54, 55, 56, 57, 58, 59, 60, 61, 62, 63, 64, 65, 66, 67, 68, 69, 70, 71, 72, 73, 74, 75, 76, 77, 78, 79, 80, 81, 82, 83, 84, 85, 86, 87, 88, 89, 90, 91, 92, 93, 94, 95, 96, 97, 98, 99, 100, 101, 102, 103, 104, 105, 106, 107, 108, 109, 110, 111, 112, 113, 114, 115, 116, 117, 118, 119, 120, 121, 122, 123, 124, 125, 126, 127, 128, 129, 130, 131, 132, 133, 134, 135, 136, 137, 138, 139, 140, 141, 142, 143, 144, 145, 146, 147, 148, 149, 150, 151, 152, 153, 154, 155, 156, 157, 158, 159, 160, 161, 162, 163, 164, 165, 166, 167, 168, 169, 170, 171, 172, 173, 174, 175, 176, 177, 178, 179, 180, 181, 182, 183, 184, 185, 186, 187, 188, 189, 190, 191, 192, 193, 194, 195, 196, 197, 198, 199, 200, 201, 202, 203, 204, 205, 206, 207, 208, 209, 210, 211, 212, 213, 214, 215, 216, 217, 218, 219, 220, 221, 222, 223, 224, 225, 226, 227, 228, 229, 230, 231, 232, 233, 234, 235, 236, 237, 238, 239, 240, 241, 242, 243, 244, 245, 246, 247, 248, 249, 250, 251, 252, 253, 254, 255, 256, 257, 258, 259, 260, 261, 262, 263, 264, 265, 266, 267, 268, 269, 270, 271, 272, 273, 274, 275, 276, 277, 278, 279, 280, 281, 282, 283, 284, 285, 286, 287, 288, 289, 290, 291, 292, 293, 294, 295, 296, 297, 298, 299, 300, 301, 302, 303, 304, 305, 306, 307, 308, 309, 310, 311, 312, 313, 314, 315, 316, 317, 318, 319, 320, 321, 322, 323, 324, 325, 326, 327, 328, 329, 330, 331, 332, 333, 334, 335, 336, 337, 338, 339, 340, 341, 342, 343, 344, 345, 346, 347, 348, 349, 350, 351, 352, 353, 354, 355, 356, 357, 358, 359, 360, 361, 362, 363, 364, 365, 366, 367, 368, 369, 370, 371, 372, 373, 374, 375, 376, 377, 378, 379, 380, 381, 382, 383, 384, 385, 386, 387, 388, 389, 390, 391, 392, 393, 394, 395, 396, 397, 398, 399, 400, 401, 402, 403, 404, 405, 406, 407, 408, 409, 410, 411, 412, 413, 414, 415, 416, 417, 418, 419, 420, 421, 422, 423, 424, 425, 426, 427, 428, 429, 430, 431, 432, 433, 434, 435, 436, 437, 438, 439, 440, 441, 442, 443, 444, 445, 446, 447, 448, 449, 450, 451, 452, 453, 454, 455, 456, 457, 458, 459, 460, 461, 462, 463, 464, 465, 466, 467, 468, 469, 470, 471, 472, 473, 474, 475, 476, 477, 478, 479, 480, 481, 482, 483, 484, 485, 486, 487, 488, 489, 490, 491, 492, 493, 494, 495, 496, 497, 498, 499, 500, 


Solución Mejorada (twoOptMove & randomMove).
Instancia: ../Taillard/T500_20/t500_20.7.txt - Makespan: 27220 - TotalSecs: 14.251
219, 212, 1, 401, 4, 454, 5, 182, 128, 9, 10, 140, 82, 464, 144, 409, 419, 13, 12, 14, 181, 17, 19, 204, 78, 20, 21, 24, 356, 83, 27, 29, 30, 31, 460, 33, 130, 34, 36, 37, 25, 102, 213, 223, 11, 39, 428, 43, 44, 46, 47, 115, 50, 51, 156, 393, 141, 56, 49, 63, 57, 58, 59, 109, 62, 64, 440, 68, 72, 74, 75, 76, 55, 77, 79, 344, 80, 81, 85, 61, 398, 175, 86, 26, 87, 216, 90, 91, 112, 95, 98, 100, 103, 203, 104, 53, 52, 105, 106, 108, 385, 110, 111, 113, 114, 117, 118, 120, 7, 403, 378, 184, 127, 131, 48, 147, 295, 134, 136, 355, 221, 350, 137, 241, 138, 286, 176, 125, 145, 244, 296, 66, 146, 215, 148, 151, 40, 152, 421, 268, 155, 157, 142, 342, 101, 159, 160, 161, 163, 166, 167, 168, 169, 415, 173, 126, 177, 178, 139, 41, 179, 183, 180, 92, 165, 185, 225, 186, 417, 187, 227, 188, 189, 360, 416, 493, 191, 192, 193, 194, 297, 196, 437, 199, 200, 70, 499, 202, 400, 452, 205, 18, 497, 164, 206, 207, 217, 208, 209, 54, 211, 97, 361, 283, 89, 239, 365, 218, 226, 242, 228, 444, 231, 436, 233, 379, 234, 235, 317, 236, 238, 2, 290, 240, 149, 230, 252, 243, 264, 265, 246, 248, 250, 23, 435, 253, 254, 256, 257, 445, 119, 224, 408, 260, 261, 172, 263, 374, 269, 271, 272, 275, 278, 279, 280, 420, 281, 338, 96, 346, 282, 284, 285, 198, 16, 287, 245, 327, 174, 255, 289, 291, 292, 262, 412, 293, 294, 298, 299, 302, 300, 229, 301, 389, 303, 304, 276, 214, 305, 309, 310, 325, 99, 311, 312, 313, 222, 267, 314, 315, 316, 22, 318, 433, 319, 320, 247, 8, 321, 322, 324, 326, 328, 330, 331, 333, 395, 334, 335, 251, 132, 336, 273, 306, 277, 410, 339, 340, 71, 28, 345, 332, 197, 359, 347, 349, 351, 352, 371, 353, 237, 357, 358, 259, 153, 288, 362, 364, 366, 170, 367, 457, 414, 368, 73, 45, 143, 369, 308, 438, 323, 472, 135, 370, 459, 486, 372, 201, 377, 343, 380, 381, 382, 383, 386, 373, 387, 124, 388, 390, 391, 392, 307, 94, 210, 394, 249, 399, 402, 133, 107, 462, 405, 406, 411, 162, 38, 396, 413, 123, 422, 67, 423, 441, 424, 488, 425, 341, 427, 35, 458, 150, 429, 430, 407, 171, 432, 449, 434, 463, 431, 448, 439, 220, 442, 443, 266, 476, 418, 69, 329, 446, 447, 450, 451, 466, 479, 453, 455, 375, 337, 404, 461, 32, 348, 484, 195, 93, 467, 42, 158, 397, 468, 470, 471, 65, 473, 270, 376, 474, 129, 475, 491, 477, 469, 478, 274, 363, 480, 481, 482, 483, 485, 487, 489, 490, 465, 258, 492, 15, 122, 494, 456, 190, 495, 426, 121, 88, 354, 384, 496, 498, 116, 60, 500, 84, 154, 232, 6, 3, 


Solución Inicial Lexicographica.
Instancia: ../Taillard/T500_20/t500_20.8.txt - Makespan: 31034 - TotalSecs: 0
1, 2, 3, 4, 5, 6, 7, 8, 9, 10, 11, 12, 13, 14, 15, 16, 17, 18, 19, 20, 21, 22, 23, 24, 25, 26, 27, 28, 29, 30, 31, 32, 33, 34, 35, 36, 37, 38, 39, 40, 41, 42, 43, 44, 45, 46, 47, 48, 49, 50, 51, 52, 53, 54, 55, 56, 57, 58, 59, 60, 61, 62, 63, 64, 65, 66, 67, 68, 69, 70, 71, 72, 73, 74, 75, 76, 77, 78, 79, 80, 81, 82, 83, 84, 85, 86, 87, 88, 89, 90, 91, 92, 93, 94, 95, 96, 97, 98, 99, 100, 101, 102, 103, 104, 105, 106, 107, 108, 109, 110, 111, 112, 113, 114, 115, 116, 117, 118, 119, 120, 121, 122, 123, 124, 125, 126, 127, 128, 129, 130, 131, 132, 133, 134, 135, 136, 137, 138, 139, 140, 141, 142, 143, 144, 145, 146, 147, 148, 149, 150, 151, 152, 153, 154, 155, 156, 157, 158, 159, 160, 161, 162, 163, 164, 165, 166, 167, 168, 169, 170, 171, 172, 173, 174, 175, 176, 177, 178, 179, 180, 181, 182, 183, 184, 185, 186, 187, 188, 189, 190, 191, 192, 193, 194, 195, 196, 197, 198, 199, 200, 201, 202, 203, 204, 205, 206, 207, 208, 209, 210, 211, 212, 213, 214, 215, 216, 217, 218, 219, 220, 221, 222, 223, 224, 225, 226, 227, 228, 229, 230, 231, 232, 233, 234, 235, 236, 237, 238, 239, 240, 241, 242, 243, 244, 245, 246, 247, 248, 249, 250, 251, 252, 253, 254, 255, 256, 257, 258, 259, 260, 261, 262, 263, 264, 265, 266, 267, 268, 269, 270, 271, 272, 273, 274, 275, 276, 277, 278, 279, 280, 281, 282, 283, 284, 285, 286, 287, 288, 289, 290, 291, 292, 293, 294, 295, 296, 297, 298, 299, 300, 301, 302, 303, 304, 305, 306, 307, 308, 309, 310, 311, 312, 313, 314, 315, 316, 317, 318, 319, 320, 321, 322, 323, 324, 325, 326, 327, 328, 329, 330, 331, 332, 333, 334, 335, 336, 337, 338, 339, 340, 341, 342, 343, 344, 345, 346, 347, 348, 349, 350, 351, 352, 353, 354, 355, 356, 357, 358, 359, 360, 361, 362, 363, 364, 365, 366, 367, 368, 369, 370, 371, 372, 373, 374, 375, 376, 377, 378, 379, 380, 381, 382, 383, 384, 385, 386, 387, 388, 389, 390, 391, 392, 393, 394, 395, 396, 397, 398, 399, 400, 401, 402, 403, 404, 405, 406, 407, 408, 409, 410, 411, 412, 413, 414, 415, 416, 417, 418, 419, 420, 421, 422, 423, 424, 425, 426, 427, 428, 429, 430, 431, 432, 433, 434, 435, 436, 437, 438, 439, 440, 441, 442, 443, 444, 445, 446, 447, 448, 449, 450, 451, 452, 453, 454, 455, 456, 457, 458, 459, 460, 461, 462, 463, 464, 465, 466, 467, 468, 469, 470, 471, 472, 473, 474, 475, 476, 477, 478, 479, 480, 481, 482, 483, 484, 485, 486, 487, 488, 489, 490, 491, 492, 493, 494, 495, 496, 497, 498, 499, 500, 


Solución Mejorada (twoOptMove & randomMove).
Instancia: ../Taillard/T500_20/t500_20.8.txt - Makespan: 27657 - TotalSecs: 14.156
54, 1, 2, 10, 431, 15, 6, 441, 121, 56, 463, 391, 23, 24, 26, 317, 28, 27, 5, 432, 322, 30, 33, 35, 397, 462, 351, 37, 39, 467, 436, 44, 45, 47, 306, 304, 49, 51, 378, 52, 53, 61, 147, 55, 59, 50, 62, 439, 67, 444, 493, 68, 143, 8, 404, 69, 70, 71, 89, 293, 72, 485, 139, 73, 75, 76, 77, 78, 25, 129, 80, 82, 83, 84, 307, 85, 86, 137, 87, 413, 90, 381, 41, 95, 97, 233, 305, 358, 100, 475, 103, 484, 170, 472, 92, 105, 443, 480, 14, 325, 107, 113, 114, 457, 19, 115, 46, 117, 405, 118, 96, 292, 160, 119, 120, 308, 40, 222, 64, 226, 126, 447, 127, 123, 130, 131, 161, 132, 133, 134, 109, 29, 135, 424, 144, 145, 148, 184, 150, 283, 151, 152, 153, 481, 32, 396, 154, 155, 171, 98, 156, 158, 461, 159, 163, 337, 166, 4, 401, 172, 174, 175, 176, 111, 274, 177, 169, 178, 179, 180, 181, 204, 189, 173, 435, 185, 186, 167, 298, 341, 194, 94, 363, 195, 99, 258, 196, 197, 198, 199, 314, 88, 162, 200, 66, 479, 203, 373, 116, 264, 205, 243, 207, 182, 208, 210, 211, 212, 450, 214, 216, 217, 218, 219, 220, 221, 201, 223, 333, 224, 225, 287, 202, 230, 227, 231, 232, 234, 235, 142, 343, 237, 284, 241, 242, 352, 246, 248, 249, 252, 254, 101, 11, 255, 193, 266, 256, 16, 257, 260, 261, 263, 265, 157, 267, 268, 93, 487, 183, 290, 273, 7, 420, 275, 60, 276, 277, 279, 280, 282, 285, 253, 288, 289, 291, 294, 228, 297, 299, 281, 300, 302, 110, 303, 309, 206, 477, 311, 399, 313, 497, 315, 318, 319, 295, 192, 320, 43, 323, 324, 81, 326, 403, 452, 278, 149, 215, 112, 327, 310, 328, 329, 13, 331, 332, 371, 128, 334, 296, 335, 338, 74, 348, 499, 339, 340, 342, 344, 345, 91, 346, 350, 141, 488, 188, 353, 354, 355, 356, 387, 415, 409, 357, 38, 359, 360, 361, 362, 366, 18, 367, 364, 368, 369, 138, 370, 372, 125, 375, 376, 377, 379, 380, 240, 382, 259, 383, 384, 385, 386, 122, 491, 495, 389, 390, 374, 392, 393, 395, 469, 22, 474, 190, 34, 236, 79, 398, 400, 321, 402, 238, 406, 407, 408, 21, 20, 349, 494, 209, 410, 411, 9, 17, 412, 187, 414, 108, 416, 270, 63, 421, 124, 417, 251, 312, 419, 244, 247, 422, 347, 425, 426, 57, 429, 427, 428, 245, 423, 468, 433, 430, 65, 434, 36, 437, 438, 330, 213, 58, 440, 442, 454, 445, 42, 446, 448, 394, 418, 449, 451, 456, 453, 455, 301, 165, 191, 458, 459, 388, 486, 269, 168, 271, 460, 31, 464, 465, 466, 104, 48, 470, 239, 471, 229, 473, 102, 476, 478, 136, 146, 482, 483, 489, 490, 3, 492, 496, 272, 336, 498, 164, 365, 262, 250, 140, 316, 106, 500, 286, 12, 


Solución Inicial Lexicographica.
Instancia: ../Taillard/T500_20/t500_20.9.txt - Makespan: 30634 - TotalSecs: 0
1, 2, 3, 4, 5, 6, 7, 8, 9, 10, 11, 12, 13, 14, 15, 16, 17, 18, 19, 20, 21, 22, 23, 24, 25, 26, 27, 28, 29, 30, 31, 32, 33, 34, 35, 36, 37, 38, 39, 40, 41, 42, 43, 44, 45, 46, 47, 48, 49, 50, 51, 52, 53, 54, 55, 56, 57, 58, 59, 60, 61, 62, 63, 64, 65, 66, 67, 68, 69, 70, 71, 72, 73, 74, 75, 76, 77, 78, 79, 80, 81, 82, 83, 84, 85, 86, 87, 88, 89, 90, 91, 92, 93, 94, 95, 96, 97, 98, 99, 100, 101, 102, 103, 104, 105, 106, 107, 108, 109, 110, 111, 112, 113, 114, 115, 116, 117, 118, 119, 120, 121, 122, 123, 124, 125, 126, 127, 128, 129, 130, 131, 132, 133, 134, 135, 136, 137, 138, 139, 140, 141, 142, 143, 144, 145, 146, 147, 148, 149, 150, 151, 152, 153, 154, 155, 156, 157, 158, 159, 160, 161, 162, 163, 164, 165, 166, 167, 168, 169, 170, 171, 172, 173, 174, 175, 176, 177, 178, 179, 180, 181, 182, 183, 184, 185, 186, 187, 188, 189, 190, 191, 192, 193, 194, 195, 196, 197, 198, 199, 200, 201, 202, 203, 204, 205, 206, 207, 208, 209, 210, 211, 212, 213, 214, 215, 216, 217, 218, 219, 220, 221, 222, 223, 224, 225, 226, 227, 228, 229, 230, 231, 232, 233, 234, 235, 236, 237, 238, 239, 240, 241, 242, 243, 244, 245, 246, 247, 248, 249, 250, 251, 252, 253, 254, 255, 256, 257, 258, 259, 260, 261, 262, 263, 264, 265, 266, 267, 268, 269, 270, 271, 272, 273, 274, 275, 276, 277, 278, 279, 280, 281, 282, 283, 284, 285, 286, 287, 288, 289, 290, 291, 292, 293, 294, 295, 296, 297, 298, 299, 300, 301, 302, 303, 304, 305, 306, 307, 308, 309, 310, 311, 312, 313, 314, 315, 316, 317, 318, 319, 320, 321, 322, 323, 324, 325, 326, 327, 328, 329, 330, 331, 332, 333, 334, 335, 336, 337, 338, 339, 340, 341, 342, 343, 344, 345, 346, 347, 348, 349, 350, 351, 352, 353, 354, 355, 356, 357, 358, 359, 360, 361, 362, 363, 364, 365, 366, 367, 368, 369, 370, 371, 372, 373, 374, 375, 376, 377, 378, 379, 380, 381, 382, 383, 384, 385, 386, 387, 388, 389, 390, 391, 392, 393, 394, 395, 396, 397, 398, 399, 400, 401, 402, 403, 404, 405, 406, 407, 408, 409, 410, 411, 412, 413, 414, 415, 416, 417, 418, 419, 420, 421, 422, 423, 424, 425, 426, 427, 428, 429, 430, 431, 432, 433, 434, 435, 436, 437, 438, 439, 440, 441, 442, 443, 444, 445, 446, 447, 448, 449, 450, 451, 452, 453, 454, 455, 456, 457, 458, 459, 460, 461, 462, 463, 464, 465, 466, 467, 468, 469, 470, 471, 472, 473, 474, 475, 476, 477, 478, 479, 480, 481, 482, 483, 484, 485, 486, 487, 488, 489, 490, 491, 492, 493, 494, 495, 496, 497, 498, 499, 500, 


Solución Mejorada (twoOptMove & randomMove).
Instancia: ../Taillard/T500_20/t500_20.9.txt - Makespan: 26997 - TotalSecs: 13.9379
12, 380, 297, 182, 484, 364, 192, 13, 8, 38, 11, 76, 395, 18, 183, 450, 470, 232, 21, 401, 24, 101, 27, 36, 427, 286, 28, 31, 32, 195, 186, 33, 35, 285, 393, 37, 252, 39, 40, 42, 20, 43, 208, 41, 44, 74, 45, 331, 46, 396, 48, 224, 49, 51, 135, 500, 362, 55, 206, 57, 58, 59, 214, 62, 184, 128, 187, 50, 64, 185, 66, 67, 68, 69, 70, 71, 73, 1, 75, 457, 77, 432, 78, 171, 79, 491, 80, 81, 166, 82, 83, 84, 189, 85, 86, 88, 212, 89, 335, 91, 92, 94, 95, 97, 98, 148, 99, 100, 2, 104, 132, 105, 316, 112, 115, 459, 118, 120, 121, 122, 144, 323, 96, 63, 324, 340, 125, 126, 117, 353, 127, 129, 162, 131, 134, 495, 19, 16, 188, 255, 137, 138, 140, 410, 142, 143, 145, 146, 147, 149, 150, 151, 174, 153, 154, 365, 397, 158, 159, 165, 172, 173, 119, 176, 177, 178, 180, 476, 22, 250, 191, 351, 155, 194, 265, 196, 197, 199, 202, 422, 203, 473, 181, 200, 210, 213, 215, 216, 220, 237, 417, 221, 222, 412, 225, 239, 227, 170, 228, 322, 229, 230, 231, 233, 234, 235, 236, 339, 61, 238, 383, 164, 240, 307, 136, 179, 496, 241, 130, 292, 242, 243, 245, 219, 246, 247, 248, 249, 373, 251, 218, 160, 217, 253, 254, 256, 258, 226, 259, 260, 261, 262, 271, 263, 267, 116, 486, 269, 106, 296, 270, 441, 272, 268, 56, 264, 152, 273, 274, 275, 276, 157, 277, 279, 110, 281, 282, 283, 284, 90, 287, 463, 477, 87, 328, 288, 291, 293, 4, 290, 295, 498, 298, 299, 318, 300, 301, 207, 474, 319, 436, 419, 302, 304, 487, 445, 306, 308, 161, 309, 310, 493, 311, 376, 312, 313, 257, 280, 315, 499, 198, 244, 317, 204, 345, 320, 407, 326, 294, 327, 329, 23, 211, 133, 332, 333, 193, 334, 366, 336, 337, 453, 338, 420, 341, 343, 447, 113, 347, 348, 350, 111, 446, 30, 355, 356, 53, 357, 358, 156, 359, 360, 361, 363, 367, 368, 278, 369, 370, 371, 10, 372, 374, 375, 413, 378, 456, 458, 379, 381, 405, 389, 9, 190, 14, 103, 386, 54, 349, 387, 5, 114, 392, 394, 398, 289, 400, 123, 402, 404, 223, 124, 406, 342, 209, 344, 478, 102, 314, 409, 388, 452, 411, 414, 465, 65, 415, 416, 418, 421, 423, 460, 424, 168, 425, 426, 428, 429, 430, 107, 47, 431, 433, 434, 167, 384, 435, 437, 403, 438, 439, 377, 440, 7, 442, 303, 266, 443, 72, 330, 444, 352, 448, 60, 451, 385, 454, 455, 494, 408, 399, 25, 382, 321, 461, 462, 466, 467, 468, 139, 305, 469, 3, 354, 471, 449, 472, 475, 15, 479, 480, 483, 52, 481, 163, 205, 17, 482, 34, 6, 201, 108, 485, 141, 488, 169, 175, 464, 489, 29, 391, 325, 497, 346, 490, 26, 390, 109, 93, 492, 


Solución Inicial Lexicographica.
Instancia: ../Taillard/T500_20/t500_20.10.txt - Makespan: 29092 - TotalSecs: 0
1, 2, 3, 4, 5, 6, 7, 8, 9, 10, 11, 12, 13, 14, 15, 16, 17, 18, 19, 20, 21, 22, 23, 24, 25, 26, 27, 28, 29, 30, 31, 32, 33, 34, 35, 36, 37, 38, 39, 40, 41, 42, 43, 44, 45, 46, 47, 48, 49, 50, 51, 52, 53, 54, 55, 56, 57, 58, 59, 60, 61, 62, 63, 64, 65, 66, 67, 68, 69, 70, 71, 72, 73, 74, 75, 76, 77, 78, 79, 80, 81, 82, 83, 84, 85, 86, 87, 88, 89, 90, 91, 92, 93, 94, 95, 96, 97, 98, 99, 100, 101, 102, 103, 104, 105, 106, 107, 108, 109, 110, 111, 112, 113, 114, 115, 116, 117, 118, 119, 120, 121, 122, 123, 124, 125, 126, 127, 128, 129, 130, 131, 132, 133, 134, 135, 136, 137, 138, 139, 140, 141, 142, 143, 144, 145, 146, 147, 148, 149, 150, 151, 152, 153, 154, 155, 156, 157, 158, 159, 160, 161, 162, 163, 164, 165, 166, 167, 168, 169, 170, 171, 172, 173, 174, 175, 176, 177, 178, 179, 180, 181, 182, 183, 184, 185, 186, 187, 188, 189, 190, 191, 192, 193, 194, 195, 196, 197, 198, 199, 200, 201, 202, 203, 204, 205, 206, 207, 208, 209, 210, 211, 212, 213, 214, 215, 216, 217, 218, 219, 220, 221, 222, 223, 224, 225, 226, 227, 228, 229, 230, 231, 232, 233, 234, 235, 236, 237, 238, 239, 240, 241, 242, 243, 244, 245, 246, 247, 248, 249, 250, 251, 252, 253, 254, 255, 256, 257, 258, 259, 260, 261, 262, 263, 264, 265, 266, 267, 268, 269, 270, 271, 272, 273, 274, 275, 276, 277, 278, 279, 280, 281, 282, 283, 284, 285, 286, 287, 288, 289, 290, 291, 292, 293, 294, 295, 296, 297, 298, 299, 300, 301, 302, 303, 304, 305, 306, 307, 308, 309, 310, 311, 312, 313, 314, 315, 316, 317, 318, 319, 320, 321, 322, 323, 324, 325, 326, 327, 328, 329, 330, 331, 332, 333, 334, 335, 336, 337, 338, 339, 340, 341, 342, 343, 344, 345, 346, 347, 348, 349, 350, 351, 352, 353, 354, 355, 356, 357, 358, 359, 360, 361, 362, 363, 364, 365, 366, 367, 368, 369, 370, 371, 372, 373, 374, 375, 376, 377, 378, 379, 380, 381, 382, 383, 384, 385, 386, 387, 388, 389, 390, 391, 392, 393, 394, 395, 396, 397, 398, 399, 400, 401, 402, 403, 404, 405, 406, 407, 408, 409, 410, 411, 412, 413, 414, 415, 416, 417, 418, 419, 420, 421, 422, 423, 424, 425, 426, 427, 428, 429, 430, 431, 432, 433, 434, 435, 436, 437, 438, 439, 440, 441, 442, 443, 444, 445, 446, 447, 448, 449, 450, 451, 452, 453, 454, 455, 456, 457, 458, 459, 460, 461, 462, 463, 464, 465, 466, 467, 468, 469, 470, 471, 472, 473, 474, 475, 476, 477, 478, 479, 480, 481, 482, 483, 484, 485, 486, 487, 488, 489, 490, 491, 492, 493, 494, 495, 496, 497, 498, 499, 500, 


Solución Mejorada (twoOptMove & randomMove).
Instancia: ../Taillard/T500_20/t500_20.10.txt - Makespan: 26180 - TotalSecs: 13.8883
313, 344, 4, 371, 7, 249, 12, 13, 14, 472, 40, 9, 15, 55, 18, 298, 19, 20, 21, 86, 5, 163, 24, 37, 27, 99, 246, 28, 30, 31, 417, 414, 338, 32, 85, 94, 139, 34, 35, 353, 146, 38, 39, 43, 45, 46, 48, 49, 426, 51, 52, 67, 57, 53, 54, 23, 56, 36, 145, 394, 58, 60, 62, 64, 65, 66, 70, 381, 194, 73, 231, 75, 76, 79, 81, 128, 82, 83, 347, 196, 84, 87, 88, 114, 90, 25, 261, 92, 322, 97, 98, 101, 434, 104, 106, 107, 47, 130, 345, 260, 77, 109, 211, 113, 116, 117, 118, 364, 200, 16, 154, 122, 447, 168, 445, 337, 123, 127, 259, 129, 132, 136, 137, 140, 156, 141, 294, 142, 143, 147, 149, 446, 197, 192, 151, 155, 157, 126, 158, 469, 159, 342, 91, 160, 161, 162, 164, 166, 50, 167, 169, 170, 221, 69, 178, 179, 180, 206, 181, 214, 244, 182, 216, 357, 183, 185, 416, 29, 189, 334, 190, 388, 191, 193, 198, 199, 336, 201, 202, 273, 316, 203, 204, 208, 96, 210, 212, 215, 144, 72, 297, 119, 3, 219, 220, 222, 442, 223, 451, 224, 8, 225, 375, 226, 133, 17, 227, 228, 233, 234, 209, 184, 330, 235, 237, 103, 100, 115, 217, 195, 238, 239, 240, 241, 443, 242, 243, 245, 205, 229, 247, 74, 248, 254, 280, 252, 279, 412, 78, 255, 256, 251, 262, 264, 265, 266, 267, 269, 270, 397, 272, 274, 275, 430, 278, 2, 304, 89, 283, 285, 277, 253, 271, 286, 287, 288, 289, 290, 291, 61, 293, 296, 365, 108, 300, 386, 301, 302, 303, 340, 305, 306, 309, 466, 310, 311, 312, 315, 125, 474, 188, 250, 318, 380, 230, 321, 258, 105, 323, 295, 281, 299, 324, 325, 326, 327, 329, 331, 332, 333, 335, 339, 341, 93, 343, 176, 346, 348, 349, 351, 352, 268, 354, 320, 410, 402, 422, 355, 356, 284, 428, 358, 314, 359, 360, 63, 361, 373, 362, 463, 363, 366, 367, 368, 369, 148, 370, 350, 372, 207, 26, 376, 152, 292, 377, 378, 165, 379, 382, 421, 383, 374, 385, 387, 389, 390, 404, 391, 6, 213, 68, 392, 393, 177, 395, 22, 398, 399, 405, 401, 406, 407, 400, 408, 409, 384, 475, 110, 411, 415, 396, 418, 102, 419, 131, 420, 135, 153, 59, 11, 423, 425, 308, 232, 427, 429, 431, 319, 432, 433, 435, 413, 33, 436, 307, 438, 439, 441, 444, 1, 448, 449, 450, 403, 452, 453, 42, 455, 456, 317, 276, 457, 41, 458, 459, 460, 461, 328, 111, 462, 440, 138, 186, 464, 465, 112, 454, 467, 171, 218, 468, 134, 470, 473, 263, 476, 10, 477, 478, 172, 150, 479, 480, 175, 121, 257, 481, 482, 424, 483, 484, 71, 485, 282, 486, 487, 174, 80, 488, 95, 44, 187, 489, 120, 490, 471, 491, 492, 493, 494, 124, 495, 437, 173, 496, 497, 498, 499, 500, 236, 
